0.847611 0.060508 0.060508 0.031374 
0.897514 0.048977 0.033256 0.020254 
0.751015 0.148433 0.056986 0.043566 
0.897515 0.033256 0.048976 0.020253 
0.820106 0.095080 0.050465 0.034348 
0.751018 0.056986 0.148431 0.043566 
0.820108 0.050465 0.095079 0.034348 
0.653131 0.135606 0.135606 0.075657 
0.148433 0.043566 0.751016 0.056986 
0.095080 0.034348 0.820107 0.050465 
0.135606 0.075657 0.653132 0.135605 
0.048977 0.020254 0.897514 0.033256 
0.050465 0.034348 0.820109 0.095079 
0.060508 0.031374 0.847610 0.060508 
0.033256 0.020254 0.897515 0.048976 
0.056986 0.043566 0.751018 0.148431 
0.148430 0.751019 0.043565 0.056985 
0.048976 0.897515 0.020253 0.033256 
0.060508 0.847610 0.031374 0.060508 
0.095078 0.820109 0.034348 0.050465 
0.033256 0.897514 0.020254 0.048977 
0.135605 0.653132 0.075657 0.135606 
0.050465 0.820106 0.034348 0.095080 
0.056986 0.751015 0.043566 0.148433 
0.075657 0.135606 0.135606 0.653131 
0.034348 0.095079 0.050465 0.820109 
0.043565 0.148430 0.056985 0.751019 
0.034348 0.050465 0.095080 0.820106 
0.020253 0.048976 0.033255 0.897515 
0.043566 0.056986 0.148433 0.751015 
0.020254 0.033256 0.048977 0.897514 
0.031374 0.060508 0.060508 0.847610 
