0.958569 0.007196 0.018067 0.016168 
0.858889 0.025220 0.065835 0.050056 
0.729443 0.042509 0.156061 0.071986 
0.473456 0.121220 0.165077 0.240247 
0.937217 0.009904 0.035402 0.017478 
0.946420 0.008027 0.031818 0.013735 
0.817877 0.026100 0.113170 0.042853 
0.239153 0.281107 0.303084 0.176656 
0.771145 0.038223 0.066707 0.123926 
0.305239 0.127925 0.456487 0.110349 
0.628619 0.036247 0.287463 0.047671 
0.720278 0.047064 0.074314 0.158345 
0.701125 0.037829 0.205448 0.055599 
0.373837 0.045012 0.529211 0.051941 
0.874179 0.016967 0.081830 0.027025 
0.965102 0.005974 0.014886 0.014037 
0.849354 0.025354 0.073817 0.051475 
0.843396 0.020921 0.102704 0.032980 
0.458019 0.044618 0.445038 0.052325 
0.792766 0.026283 0.141173 0.039777 
0.553175 0.097484 0.164405 0.184936 
0.745487 0.043858 0.072297 0.138358 
0.672131 0.054658 0.081464 0.191746 
0.842443 0.028805 0.064509 0.064243 
0.595076 0.046264 0.299678 0.058982 
0.348881 0.140458 0.130494 0.380167 
0.873501 0.019934 0.069945 0.036619 
0.228398 0.048504 0.676634 0.046463 
0.920957 0.012226 0.045863 0.020954 
0.686761 0.049541 0.074689 0.189009 
0.875534 0.022421 0.052735 0.049310 
0.922324 0.011240 0.047343 0.019093 
0.734666 0.047271 0.079181 0.138882 
0.957587 0.007371 0.017840 0.017202 
0.951212 0.008408 0.019672 0.020708 
0.539877 0.093794 0.131361 0.234968 
0.934042 0.010644 0.034555 0.020759 
0.962599 0.006458 0.015465 0.015478 
0.131956 0.053838 0.040680 0.773526 
0.731727 0.046371 0.132405 0.089496 
0.315664 0.043531 0.592442 0.048363 
0.788683 0.036839 0.096040 0.078438 
0.659810 0.055934 0.088510 0.195746 
0.590329 0.080447 0.209030 0.120194 
0.930878 0.012066 0.026812 0.030244 
0.728330 0.051751 0.123778 0.096140 
0.728644 0.048666 0.114963 0.107727 
0.893499 0.019020 0.042630 0.044851 
0.461999 0.111162 0.133524 0.293315 
0.472339 0.124168 0.224380 0.179113 
0.341308 0.109699 0.445048 0.103945 
0.922108 0.011036 0.048772 0.018084 
0.904540 0.016445 0.035255 0.043759 
0.988100 0.001932 0.006122 0.003846 
0.811850 0.032693 0.084412 0.071045 
0.551619 0.041277 0.354346 0.052758 
0.867632 0.017397 0.088069 0.026902 
0.921917 0.012260 0.043001 0.022822 
0.880141 0.017972 0.070577 0.031309 
0.786112 0.029124 0.139020 0.045744 
0.495039 0.109654 0.147373 0.247934 
0.928197 0.012452 0.027176 0.032175 
0.697362 0.048512 0.073782 0.180344 
0.544838 0.088724 0.244739 0.121699 
0.755311 0.044603 0.079246 0.120841 
0.939024 0.008877 0.036934 0.015165 
0.419797 0.071705 0.080938 0.427560 
0.615684 0.038280 0.295311 0.050725 
0.708969 0.056808 0.113010 0.121213 
0.753993 0.043847 0.100419 0.101741 
0.930663 0.011536 0.033835 0.023966 
0.529897 0.049229 0.360958 0.059915 
0.495812 0.051391 0.391770 0.061026 
0.708301 0.049687 0.150979 0.091032 
0.298714 0.224496 0.279129 0.197662 
0.834826 0.028693 0.060898 0.075583 
0.426717 0.072527 0.081156 0.419601 
0.712787 0.048923 0.148251 0.090039 
0.502302 0.040489 0.407612 0.049597 
0.664974 0.052775 0.079648 0.202603 
0.912137 0.012629 0.053938 0.021297 
0.860079 0.025034 0.051221 0.063666 
0.802648 0.034573 0.073682 0.089097 
0.603160 0.059502 0.081121 0.256218 
0.904393 0.015692 0.048716 0.031198 
0.587547 0.067190 0.255490 0.089773 
0.724711 0.047615 0.076806 0.150868 
0.964589 0.005705 0.018520 0.011186 
0.806825 0.032072 0.107881 0.053221 
0.953718 0.007800 0.021437 0.017045 
0.661264 0.052632 0.077337 0.208768 
0.749306 0.042557 0.075936 0.132202 
0.949348 0.008118 0.027825 0.014710 
0.704116 0.057073 0.104278 0.134533 
0.875123 0.021440 0.055616 0.047822 
0.419140 0.042818 0.488634 0.049408 
0.920489 0.011441 0.049271 0.018799 
0.848601 0.026650 0.051407 0.073343 
0.913535 0.014455 0.045297 0.026713 
0.161394 0.074223 0.057073 0.707310 
0.883818 0.019970 0.040015 0.056196 
0.794056 0.035600 0.069656 0.100688 
0.952497 0.007445 0.026125 0.013933 
0.898474 0.017512 0.035969 0.048044 
0.845529 0.026861 0.064701 0.062908 
0.881175 0.020546 0.048841 0.049437 
0.985734 0.002309 0.007384 0.004573 
0.655256 0.062416 0.116183 0.166145 
0.609749 0.068028 0.096059 0.226163 
0.703937 0.047958 0.073506 0.174600 
0.251874 0.080113 0.597960 0.070053 
0.550496 0.093868 0.138574 0.217062 
0.765699 0.038756 0.064431 0.131114 
0.876063 0.021459 0.048828 0.053650 
0.769549 0.027086 0.164152 0.039213 
0.758614 0.033524 0.155132 0.052729 
0.861659 0.018135 0.091975 0.028230 
0.570175 0.092211 0.180000 0.157614 
0.951200 0.008176 0.023128 0.017495 
0.953674 0.006885 0.027622 0.011819 
0.917946 0.014131 0.033013 0.034910 
0.914458 0.015058 0.033019 0.037466 
0.242011 0.045586 0.667343 0.045060 
0.799437 0.034536 0.066983 0.099044 
0.585658 0.068577 0.102321 0.243444 
0.569277 0.091591 0.189394 0.149739 
0.963759 0.005931 0.019117 0.011193 
0.700557 0.051780 0.091734 0.155929 
0.794717 0.037822 0.074042 0.093419 
0.821631 0.022619 0.121365 0.034385 
0.967608 0.004997 0.018506 0.008890 
0.956978 0.007352 0.018510 0.017159 
0.847900 0.027570 0.057822 0.066708 
0.724115 0.043695 0.166708 0.065482 
0.984747 0.002373 0.008514 0.004366 
0.979337 0.003536 0.009451 0.007677 
0.514849 0.070567 0.328943 0.085641 
0.756396 0.042524 0.082410 0.118670 
0.879549 0.016563 0.077886 0.026002 
0.841660 0.024225 0.091669 0.042446 
0.770925 0.037280 0.124369 0.067425 
0.758777 0.041528 0.077316 0.122379 
0.669520 0.039925 0.233588 0.056967 
0.712261 0.047380 0.077938 0.162420 
0.962647 0.006433 0.015456 0.015464 
0.349392 0.118474 0.111214 0.420920 
0.613326 0.073354 0.109875 0.203445 
0.621757 0.073504 0.114622 0.190117 
0.706671 0.047463 0.072991 0.172874 
0.926947 0.012584 0.028737 0.031732 
0.723500 0.034591 0.190902 0.051008 
0.960944 0.006714 0.018210 0.014132 
0.779152 0.036822 0.062282 0.121744 
0.901867 0.017490 0.041055 0.039588 
0.768014 0.039690 0.066846 0.125450 
0.780677 0.041184 0.085426 0.092713 
0.763754 0.044808 0.094112 0.097327 
0.887270 0.019777 0.040442 0.052510 
0.946696 0.009316 0.022473 0.021515 
0.878216 0.020701 0.056753 0.044331 
0.935226 0.011153 0.025762 0.027859 
0.921708 0.012544 0.041683 0.024064 
0.946379 0.008564 0.029635 0.015421 
0.984525 0.002512 0.007958 0.005005 
0.413936 0.072618 0.080239 0.433208 
0.765217 0.037724 0.130150 0.066910 
0.779078 0.040450 0.075402 0.105070 
0.907412 0.015973 0.045569 0.031046 
0.746131 0.041600 0.068815 0.143454 
0.908563 0.014374 0.052345 0.024719 
0.838493 0.028092 0.068743 0.064672 
0.785274 0.036280 0.065682 0.112764 
0.951009 0.007394 0.028839 0.012758 
0.964482 0.005802 0.018025 0.011690 
0.958910 0.006624 0.021475 0.012990 
0.472631 0.041275 0.436690 0.049404 
0.575732 0.079620 0.111537 0.233111 
0.989798 0.001732 0.004658 0.003811 
0.772245 0.040322 0.087608 0.099825 
0.954772 0.007045 0.025706 0.012478 
0.780078 0.038879 0.085833 0.095210 
0.444123 0.045440 0.457687 0.052750 
0.938905 0.009949 0.031380 0.019766 
0.607305 0.050816 0.269868 0.072011 
0.838918 0.020940 0.108569 0.031572 
0.553801 0.075313 0.110422 0.260463 
0.214890 0.065653 0.057084 0.662373 
0.869662 0.022220 0.060394 0.047724 
0.985607 0.002392 0.006975 0.005027 
0.872927 0.021617 0.059251 0.046206 
0.953585 0.008039 0.018747 0.019628 
0.792995 0.035034 0.060465 0.111505 
0.938701 0.008910 0.037452 0.014938 
0.911066 0.015786 0.037672 0.035476 
0.961117 0.006720 0.016024 0.016138 
0.966674 0.005624 0.016423 0.011279 
0.946518 0.007814 0.032294 0.013373 
0.773184 0.041914 0.106680 0.078222 
0.920312 0.012875 0.043870 0.022942 
0.946162 0.009203 0.023166 0.021469 
0.571089 0.062213 0.082433 0.284264 
0.974050 0.004331 0.012401 0.009217 
0.985811 0.002306 0.007276 0.004607 
0.816043 0.031305 0.059007 0.093645 
0.781464 0.032759 0.130934 0.054843 
0.395810 0.075340 0.080793 0.448057 
0.693054 0.040846 0.209564 0.056536 
0.576904 0.090375 0.175537 0.157184 
0.834440 0.022893 0.105818 0.036849 
0.760123 0.039587 0.066802 0.133488 
0.576983 0.064592 0.085168 0.273257 
0.762947 0.028157 0.167907 0.040989 
0.878001 0.020108 0.066604 0.035287 
0.827994 0.022090 0.116918 0.032998 
0.966223 0.005705 0.015463 0.012610 
0.851924 0.025417 0.050948 0.071710 
0.971630 0.004838 0.012403 0.011129 
0.805720 0.034664 0.064140 0.095476 
0.830427 0.029058 0.056833 0.083682 
0.845277 0.026457 0.051729 0.076537 
0.918352 0.011609 0.050659 0.019379 
0.789684 0.035134 0.060406 0.114775 
0.602982 0.060503 0.082223 0.254291 
0.607125 0.067126 0.214967 0.110782 
0.813347 0.031241 0.094486 0.060926 
0.920018 0.013787 0.030446 0.035749 
0.860873 0.024417 0.047766 0.066944 
0.952578 0.007927 0.022642 0.016853 
0.682234 0.035135 0.235377 0.047254 
0.632029 0.048978 0.247918 0.071075 
0.665826 0.052238 0.076680 0.205256 
0.828451 0.029219 0.055634 0.086697 
0.956631 0.007525 0.017844 0.018000 
0.804150 0.026170 0.128796 0.040884 
0.953670 0.007904 0.020169 0.018257 
0.811828 0.032312 0.088831 0.067028 
0.856441 0.024367 0.068245 0.050947 
0.764029 0.033770 0.147969 0.054231 
0.148855 0.058053 0.044884 0.748207 
0.874948 0.021538 0.045082 0.058432 
0.523843 0.103753 0.218732 0.153672 
0.361491 0.092197 0.091336 0.454975 
0.552780 0.092571 0.135736 0.218914 
0.920083 0.013766 0.031771 0.034380 
0.787269 0.029830 0.135177 0.047723 
0.836202 0.028418 0.059851 0.075530 
0.641766 0.050578 0.231999 0.075657 
0.817871 0.031342 0.061735 0.089053 
0.726734 0.046053 0.079559 0.147653 
0.972744 0.004542 0.013783 0.008932 
0.173044 0.030658 0.765858 0.030440 
0.944199 0.009760 0.024075 0.021966 
0.929171 0.010135 0.043690 0.017004 
0.588292 0.063217 0.084460 0.264032 
0.704640 0.046421 0.171597 0.077341 
0.932101 0.011784 0.031875 0.024240 
0.824105 0.022688 0.119382 0.033825 
0.801849 0.036479 0.072442 0.089229 
0.904000 0.014933 0.053765 0.027302 
0.989355 0.001765 0.005357 0.003523 
0.834401 0.028840 0.062747 0.074012 
0.879116 0.020823 0.043836 0.056225 
0.955627 0.007414 0.022619 0.014340 
0.878755 0.020985 0.047947 0.052314 
0.813789 0.033439 0.063416 0.089355 
0.856134 0.022490 0.080777 0.040598 
0.654911 0.038801 0.252465 0.053824 
0.998846 0.000187 0.000597 0.000370 
0.794672 0.035472 0.109252 0.060603 
0.570986 0.091269 0.187223 0.150522 
0.681468 0.063068 0.135418 0.120047 
0.945262 0.008032 0.032873 0.013834 
0.856323 0.018664 0.096175 0.028838 
0.832725 0.027723 0.085748 0.053804 
0.636904 0.074092 0.136793 0.152212 
0.856687 0.024617 0.064881 0.053815 
0.695988 0.037393 0.215447 0.051172 
0.579546 0.038567 0.332888 0.048999 
0.543958 0.096706 0.143755 0.215580 
0.822979 0.030824 0.065236 0.080961 
0.288827 0.150822 0.439052 0.121299 
0.928701 0.012399 0.027161 0.031739 
0.909681 0.015569 0.034546 0.040204 
0.685992 0.058669 0.097000 0.158340 
0.405336 0.156443 0.219373 0.218848 
0.662145 0.034569 0.256788 0.046498 
0.731714 0.045499 0.138101 0.084686 
0.788734 0.035256 0.060588 0.115421 
0.717287 0.045534 0.071244 0.165935 
0.776845 0.040792 0.075470 0.106892 
0.899513 0.015915 0.054821 0.029751 
0.633507 0.055951 0.080120 0.230422 
0.051208 0.035427 0.892294 0.021070 
0.688910 0.051028 0.172570 0.087492 
0.807648 0.033409 0.067885 0.091057 
0.988379 0.001869 0.006096 0.003655 
0.761745 0.044702 0.086217 0.107336 
0.857151 0.021405 0.084468 0.036976 
0.791349 0.034159 0.119216 0.055275 
0.814550 0.022987 0.128058 0.034404 
0.970480 0.005096 0.012883 0.011541 
0.285812 0.246062 0.232467 0.235659 
0.248154 0.043987 0.663725 0.044134 
0.966190 0.005168 0.019521 0.009122 
0.792777 0.035819 0.097147 0.074257 
0.996811 0.000516 0.001672 0.001001 
0.855391 0.018899 0.096842 0.028869 
0.874519 0.021511 0.042693 0.061277 
0.286698 0.069808 0.577103 0.066391 
0.923235 0.010821 0.048150 0.017795 
0.490183 0.046789 0.407374 0.055654 
0.376051 0.132093 0.131384 0.360473 
0.558727 0.039404 0.352424 0.049445 
0.847785 0.025487 0.082444 0.044283 
0.173299 0.079364 0.057824 0.689514 
0.625516 0.063545 0.090440 0.220499 
0.165373 0.036269 0.762964 0.035393 
0.797974 0.035564 0.080235 0.086226 
0.686474 0.050598 0.079649 0.183279 
0.992939 0.001151 0.003604 0.002306 
0.863943 0.017895 0.090231 0.027930 
0.973577 0.004159 0.014414 0.007850 
0.946621 0.009245 0.024690 0.019444 
0.447383 0.081641 0.379095 0.091881 
0.860146 0.019474 0.088675 0.031705 
0.839230 0.027554 0.074704 0.058512 
0.972853 0.004126 0.015663 0.007358 
0.917275 0.013317 0.043707 0.025700 
0.603267 0.041343 0.300182 0.055208 
0.526133 0.059564 0.334777 0.079526 
0.933800 0.011489 0.025420 0.029291 
0.933092 0.009992 0.040035 0.016881 
0.683290 0.049123 0.187801 0.079787 
0.694334 0.039142 0.208878 0.057646 
0.921382 0.011406 0.047789 0.019423 
0.336594 0.046861 0.563799 0.052746 
0.766543 0.038546 0.064351 0.130560 
0.837481 0.028083 0.072784 0.061651 
0.532816 0.102558 0.158637 0.205989 
0.802217 0.027492 0.126321 0.043969 
0.280798 0.199592 0.368558 0.151052 
0.923348 0.013190 0.031151 0.032311 
0.034336 0.009683 0.947705 0.008276 
0.845168 0.026963 0.062399 0.065469 
0.879376 0.021684 0.051569 0.047371 
0.685016 0.046722 0.194579 0.073684 
0.847979 0.027009 0.073321 0.051691 
0.759045 0.042291 0.084045 0.114618 
0.920750 0.011901 0.046356 0.020993 
0.976301 0.003730 0.012930 0.007039 
0.884443 0.015483 0.075689 0.024384 
0.351796 0.043731 0.554730 0.049744 
0.539736 0.090554 0.123216 0.246494 
0.735622 0.043607 0.072885 0.147886 
0.926208 0.012931 0.028765 0.032096 
0.402646 0.074606 0.080797 0.441951 
0.580852 0.042314 0.323479 0.053355 
0.961657 0.006583 0.016033 0.015727 
0.920311 0.014078 0.032428 0.033183 
0.785089 0.025507 0.152485 0.036919 
0.903552 0.014656 0.055720 0.026072 
0.296733 0.040780 0.617705 0.044783 
0.859797 0.025231 0.052790 0.062182 
0.981621 0.002942 0.009731 0.005706 
0.962322 0.006497 0.017253 0.013928 
0.564271 0.074230 0.098217 0.263282 
0.930900 0.012087 0.027068 0.029945 
0.794152 0.030867 0.122985 0.051996 
0.842669 0.021235 0.103734 0.032363 
0.744168 0.045408 0.076699 0.133726 
0.903229 0.015394 0.052375 0.029002 
0.857128 0.021731 0.083050 0.038091 
0.694644 0.035671 0.218933 0.050751 
0.851071 0.025465 0.049898 0.073566 
0.991781 0.001322 0.004315 0.002582 
0.604896 0.060843 0.082859 0.251401 
0.764226 0.039753 0.070644 0.125377 
0.763642 0.036133 0.139287 0.060939 
0.508316 0.068906 0.084171 0.338607 
0.874622 0.018778 0.073981 0.032619 
0.709346 0.054081 0.092303 0.144270 
0.866410 0.022944 0.046613 0.064034 
0.618065 0.037811 0.294088 0.050036 
0.676631 0.064435 0.128196 0.130738 
0.894867 0.017826 0.048936 0.038371 
0.718269 0.051969 0.088800 0.140961 
0.811338 0.033841 0.063778 0.091042 
0.876441 0.022153 0.047745 0.053660 
0.909151 0.014785 0.047083 0.028981 
0.974879 0.004090 0.012832 0.008199 
0.616403 0.070580 0.127623 0.185394 
0.912140 0.013891 0.047942 0.026027 
0.363090 0.179497 0.205820 0.251594 
0.934807 0.010956 0.030745 0.023492 
0.593525 0.085919 0.158748 0.161809 
0.775398 0.026719 0.158915 0.038968 
0.970567 0.004912 0.014078 0.010443 
0.979876 0.003420 0.008984 0.007720 
0.781239 0.029356 0.143753 0.045652 
0.621371 0.059361 0.238242 0.081026 
0.957963 0.007150 0.018615 0.016272 
0.282280 0.135236 0.107092 0.475393 
0.975354 0.004019 0.012549 0.008078 
0.818328 0.027370 0.111403 0.042900 
0.395837 0.098981 0.401741 0.103441 
0.938739 0.010208 0.029671 0.021382 
0.977291 0.003883 0.009882 0.008944 
0.693704 0.051078 0.084531 0.170687 
0.577214 0.054484 0.292563 0.075739 
0.783640 0.027075 0.150127 0.039158 
0.690039 0.056514 0.125325 0.128121 
0.906493 0.015930 0.042261 0.035316 
0.759694 0.041873 0.080975 0.117458 
0.963803 0.005614 0.020216 0.010367 
0.425201 0.117839 0.324768 0.132191 
0.877228 0.016971 0.079159 0.026642 
0.388234 0.079412 0.088445 0.443909 
0.651242 0.057012 0.089027 0.202718 
0.924340 0.013208 0.028860 0.033592 
0.935229 0.011101 0.027438 0.026232 
0.803516 0.033078 0.057912 0.105495 
0.587423 0.064147 0.085690 0.262741 
0.750048 0.035333 0.158658 0.055961 
0.771344 0.040549 0.091415 0.096692 
0.723017 0.044865 0.070539 0.161579 
0.899128 0.014094 0.064227 0.022551 
0.786802 0.036182 0.066362 0.110654 
0.680034 0.058078 0.115349 0.146539 
0.717781 0.030839 0.208648 0.042732 
0.905944 0.015578 0.046875 0.031603 
0.578549 0.061552 0.082545 0.277354 
0.872280 0.017394 0.083227 0.027099 
0.885965 0.016032 0.071574 0.026429 
0.851831 0.019127 0.099901 0.029140 
0.961693 0.006546 0.016488 0.015272 
0.812076 0.032182 0.061876 0.093866 
0.752123 0.038173 0.145327 0.064377 
0.507653 0.069632 0.084860 0.337854 
0.917937 0.013889 0.037950 0.030224 
0.553909 0.089614 0.228418 0.128059 
0.761086 0.028101 0.170121 0.040692 
0.993342 0.001123 0.003147 0.002388 
0.228511 0.036582 0.697466 0.037441 
0.387005 0.145071 0.312834 0.155090 
0.841421 0.023571 0.097740 0.037268 
0.833782 0.030180 0.075729 0.060310 
0.976702 0.003923 0.011428 0.007947 
0.849184 0.019571 0.101514 0.029731 
0.943696 0.009854 0.023970 0.022480 
0.945036 0.009430 0.022915 0.022619 
0.833654 0.024823 0.102401 0.039122 
0.575634 0.065377 0.086109 0.272879 
0.711603 0.047547 0.168796 0.072054 
0.660729 0.059096 0.101521 0.178654 
0.615044 0.060954 0.089786 0.234217 
0.441176 0.075094 0.399765 0.083965 
0.972610 0.004674 0.012915 0.009801 
0.875635 0.020914 0.060221 0.043230 
0.995028 0.000826 0.002470 0.001676 
0.915925 0.013373 0.047329 0.023373 
0.914603 0.013756 0.045094 0.026547 
0.867568 0.021777 0.068069 0.042586 
0.904689 0.016347 0.041376 0.037588 
0.691437 0.052144 0.163550 0.092869 
0.947444 0.008057 0.029874 0.014625 
0.666759 0.066535 0.124408 0.142299 
0.758329 0.043789 0.121379 0.076503 
0.786842 0.038350 0.105914 0.068894 
0.679919 0.044319 0.214440 0.061322 
0.898119 0.015068 0.060777 0.026035 
0.831978 0.027175 0.095795 0.045052 
0.575467 0.072473 0.110034 0.242025 
0.991120 0.001478 0.004412 0.002989 
0.664606 0.047769 0.214880 0.072745 
0.782601 0.040033 0.076208 0.101158 
0.801378 0.029841 0.122615 0.046165 
0.258292 0.097043 0.080131 0.564534 
0.546944 0.096520 0.209583 0.146953 
0.684431 0.050652 0.075799 0.189119 
0.941385 0.010071 0.024065 0.024479 
0.818448 0.026404 0.111304 0.043844 
0.680548 0.043232 0.216675 0.059545 
0.783961 0.036090 0.061454 0.118496 
0.782716 0.036291 0.063593 0.117401 
0.935991 0.009197 0.039353 0.015459 
0.658581 0.055118 0.195562 0.090739 
0.558114 0.058403 0.302732 0.080751 
0.821831 0.031169 0.069622 0.077378 
0.791070 0.036205 0.063338 0.109388 
0.857517 0.019627 0.091171 0.031685 
0.921774 0.013421 0.033210 0.031596 
0.771057 0.029134 0.157873 0.041936 
0.965349 0.005815 0.016276 0.012561 
0.661182 0.067709 0.123967 0.147142 
0.715509 0.049497 0.156728 0.078266 
0.872886 0.020884 0.069872 0.036358 
0.837590 0.026665 0.084685 0.051060 
0.918853 0.014337 0.035277 0.031533 
0.851552 0.025819 0.059208 0.063421 
0.819874 0.031151 0.081983 0.066992 
0.981627 0.002850 0.010339 0.005184 
0.762934 0.035450 0.142918 0.058698 
0.933120 0.011507 0.026950 0.028423 
0.601974 0.037813 0.310981 0.049232 
0.826299 0.028492 0.097632 0.047577 
0.869104 0.022590 0.047871 0.060434 
0.774793 0.037969 0.067925 0.119313 
0.765689 0.042895 0.078099 0.113317 
0.914637 0.012762 0.050225 0.022376 
0.530972 0.084720 0.274833 0.109474 
0.915263 0.011850 0.053455 0.019432 
0.940714 0.008720 0.035855 0.014711 
0.912568 0.013524 0.049287 0.024622 
0.980564 0.003041 0.010843 0.005552 
0.404531 0.067290 0.448050 0.080129 
0.762238 0.041940 0.105559 0.090262 
0.772331 0.038520 0.115013 0.074136 
0.754328 0.029630 0.174151 0.041892 
0.688305 0.055629 0.087927 0.168139 
0.927259 0.012565 0.027536 0.032640 
0.593246 0.042890 0.309363 0.054501 
0.831186 0.029368 0.062683 0.076764 
0.814925 0.030720 0.095312 0.059044 
0.823378 0.028273 0.096641 0.051708 
0.594039 0.038198 0.318231 0.049532 
0.942970 0.009977 0.023561 0.023492 
0.835253 0.030211 0.066817 0.067719 
0.297589 0.125042 0.104480 0.472889 
0.870578 0.019144 0.077451 0.032826 
0.952693 0.008002 0.021574 0.017731 
0.598521 0.042847 0.301199 0.057434 
0.491810 0.047539 0.404111 0.056540 
0.607507 0.045476 0.284591 0.062426 
0.618119 0.071687 0.163294 0.146899 
0.682762 0.051888 0.077761 0.187589 
0.401783 0.040920 0.509830 0.047467 
0.876004 0.021737 0.043507 0.058752 
0.789145 0.034114 0.114762 0.061978 
0.296698 0.071952 0.069438 0.561913 
0.730536 0.047794 0.079279 0.142390 
0.976603 0.004008 0.010120 0.009269 
0.862157 0.023687 0.048178 0.065977 
0.472857 0.069914 0.082575 0.374655 
0.826257 0.029915 0.080142 0.063686 
0.907559 0.016414 0.039994 0.036033 
0.923684 0.011893 0.042491 0.021932 
0.698034 0.054568 0.111041 0.136357 
0.565284 0.041710 0.340852 0.052153 
0.920591 0.011222 0.049836 0.018351 
0.529349 0.047505 0.362012 0.061135 
0.267988 0.070083 0.591014 0.070915 
0.880751 0.019703 0.064789 0.034757 
0.920568 0.012238 0.046286 0.020907 
0.635661 0.045319 0.254674 0.064346 
0.788091 0.027944 0.140836 0.043130 
0.687917 0.034917 0.228328 0.048838 
0.722164 0.039306 0.177041 0.061489 
0.462352 0.041893 0.445164 0.050591 
0.991640 0.001323 0.004551 0.002487 
0.902307 0.016825 0.040774 0.040094 
0.373948 0.045097 0.530798 0.050157 
0.832029 0.029689 0.056234 0.082048 
0.348860 0.045083 0.554859 0.051197 
0.838832 0.027845 0.051712 0.081611 
0.763697 0.027442 0.169436 0.039425 
0.902324 0.016848 0.039433 0.041396 
0.827402 0.030065 0.064423 0.078110 
0.602235 0.075625 0.160331 0.161809 
0.887568 0.016553 0.067480 0.028399 
0.887292 0.015488 0.072159 0.025062 
0.908369 0.014935 0.050108 0.026589 
0.599441 0.056465 0.270327 0.073768 
0.651987 0.053878 0.078998 0.215137 
0.517058 0.040278 0.392839 0.049824 
0.568302 0.078515 0.106965 0.246218 
0.836836 0.029228 0.057340 0.076596 
0.676834 0.051081 0.077770 0.194314 
0.636001 0.041375 0.265438 0.057185 
0.692337 0.057874 0.097653 0.152136 
0.495828 0.080582 0.096686 0.326904 
0.444084 0.041143 0.465872 0.048902 
0.971325 0.004364 0.016479 0.007832 
0.666519 0.059577 0.182826 0.091078 
0.671512 0.036658 0.240831 0.050999 
0.600797 0.072772 0.222568 0.103863 
0.970334 0.004784 0.015970 0.008912 
0.530599 0.059785 0.329308 0.080309 
0.815793 0.032113 0.067644 0.084449 
0.495679 0.041730 0.411186 0.051406 
0.277341 0.045302 0.628587 0.048769 
0.932608 0.011441 0.030478 0.025473 
0.985429 0.002353 0.007581 0.004638 
0.673610 0.033961 0.246878 0.045552 
0.290586 0.179987 0.387426 0.142001 
0.845817 0.026300 0.049155 0.078729 
0.785188 0.035972 0.110175 0.068664 
0.988024 0.001997 0.005748 0.004231 
0.987594 0.001942 0.006861 0.003603 
0.795056 0.031627 0.118623 0.054693 
0.356212 0.160530 0.324584 0.158674 
0.543433 0.043624 0.356956 0.055988 
0.655035 0.053425 0.216693 0.074846 
0.963978 0.006241 0.015681 0.014101 
0.588031 0.082071 0.123732 0.206166 
0.550711 0.067372 0.296824 0.085093 
0.961521 0.006585 0.018259 0.013636 
0.449260 0.080026 0.380454 0.090259 
0.778076 0.036849 0.116128 0.068947 
0.870800 0.022349 0.054410 0.052441 
0.650264 0.061967 0.108476 0.179293 
0.750321 0.033257 0.165456 0.050966 
0.777296 0.039077 0.099449 0.084178 
0.631192 0.062162 0.088831 0.217815 
0.515634 0.040590 0.393448 0.050327 
0.910058 0.013034 0.055594 0.021314 
0.524336 0.068065 0.084573 0.323026 
0.597800 0.065086 0.088498 0.248616 
0.694750 0.052835 0.093201 0.159214 
0.899838 0.017060 0.045540 0.037561 
0.900477 0.013985 0.062454 0.023084 
0.765305 0.041008 0.108598 0.085088 
0.591056 0.043868 0.306383 0.058694 
0.418640 0.049484 0.472885 0.058990 
0.798694 0.032699 0.115684 0.052923 
0.901854 0.013456 0.063135 0.021555 
0.656774 0.044866 0.232858 0.065502 
0.891767 0.016795 0.063206 0.028232 
0.741829 0.042092 0.068114 0.147965 
0.951391 0.008295 0.023593 0.016721 
0.725926 0.044300 0.162561 0.067214 
0.922946 0.012587 0.039469 0.024999 
0.864409 0.023196 0.045000 0.067395 
0.908861 0.015705 0.034042 0.041392 
0.697315 0.033442 0.222588 0.046656 
0.585288 0.039527 0.325055 0.050130 
0.654736 0.059752 0.100844 0.184669 
0.960424 0.006145 0.022067 0.011363 
0.965160 0.005427 0.019333 0.010081 
0.582225 0.073789 0.242920 0.101066 
0.807398 0.032100 0.098693 0.061810 
0.752134 0.042868 0.134896 0.070102 
0.955892 0.006524 0.026352 0.011232 
0.796721 0.034437 0.063244 0.105598 
0.865339 0.018664 0.085683 0.030314 
0.908438 0.015777 0.033832 0.041953 
0.777450 0.038246 0.120502 0.063802 
0.771216 0.040850 0.116975 0.070958 
0.536151 0.072191 0.090892 0.300766 
0.775006 0.027133 0.158994 0.038868 
0.682451 0.051448 0.076907 0.189194 
0.780598 0.039071 0.069546 0.110785 
0.892507 0.018545 0.040601 0.048348 
0.963974 0.006144 0.015702 0.014180 
0.044223 0.011502 0.934109 0.010165 
0.930335 0.011747 0.032502 0.025416 
0.735500 0.034758 0.177122 0.052621 
0.886523 0.018642 0.058050 0.036784 
0.986153 0.002361 0.006221 0.005265 
0.829746 0.031107 0.075712 0.063435 
0.939721 0.008799 0.036694 0.014787 
0.917246 0.014361 0.030593 0.037799 
0.799021 0.035223 0.086997 0.078759 
0.495099 0.069198 0.343879 0.091824 
0.521135 0.093264 0.262786 0.122814 
0.837320 0.023525 0.100002 0.039152 
0.967401 0.005107 0.018293 0.009199 
0.973790 0.004323 0.013536 0.008351 
0.641530 0.059161 0.215393 0.083916 
0.800122 0.036753 0.091698 0.071426 
0.870615 0.019435 0.076140 0.033810 
0.862176 0.020214 0.085424 0.032187 
0.848821 0.026226 0.056500 0.068453 
0.424123 0.049279 0.467640 0.058958 
0.844287 0.028368 0.060800 0.066545 
0.905399 0.016351 0.033991 0.044259 
0.776410 0.037400 0.062992 0.123198 
0.535317 0.092209 0.125196 0.247278 
0.837197 0.022040 0.105757 0.035005 
0.508327 0.111477 0.207638 0.172558 
0.718658 0.050745 0.113840 0.116756 
0.836014 0.028599 0.064091 0.071296 
0.859396 0.021339 0.081914 0.037351 
0.671124 0.055896 0.083908 0.189071 
0.990906 0.001523 0.004311 0.003260 
0.722561 0.039490 0.175943 0.062006 
0.950078 0.007397 0.029641 0.012884 
0.996140 0.000649 0.001831 0.001380 
0.836058 0.022640 0.104875 0.036427 
0.658753 0.062362 0.121172 0.157714 
0.999577 0.000070 0.000209 0.000144 
0.948129 0.008742 0.024068 0.019061 
0.900114 0.017051 0.044886 0.037948 
0.466183 0.073671 0.085431 0.374715 
0.633171 0.037848 0.278105 0.050876 
0.897304 0.014882 0.063697 0.024117 
0.896337 0.017875 0.039012 0.046776 
0.906870 0.016345 0.034800 0.041985 
0.633302 0.036334 0.282185 0.048179 
0.816589 0.032053 0.058466 0.092892 
0.929130 0.012471 0.028910 0.029488 
0.935067 0.011336 0.025506 0.028092 
0.959097 0.006904 0.018793 0.015205 
0.601697 0.051693 0.279736 0.066875 
0.887869 0.018118 0.059277 0.034735 
0.908765 0.013830 0.054244 0.023161 
0.832460 0.021452 0.113953 0.032135 
0.783134 0.033044 0.127687 0.056135 
0.727013 0.045159 0.075516 0.152312 
0.967426 0.005629 0.013817 0.013128 
0.875814 0.021505 0.049604 0.053076 
0.841749 0.023647 0.094092 0.040512 
0.992176 0.001324 0.003617 0.002883 
0.840574 0.021601 0.103473 0.034352 
0.528024 0.095565 0.129875 0.246536 
0.755908 0.041680 0.121971 0.080440 
0.658188 0.054439 0.082977 0.204397 
0.817856 0.031773 0.078868 0.071503 
0.959451 0.006746 0.020801 0.013003 
0.982786 0.002752 0.009319 0.005143 
0.329359 0.039940 0.586598 0.044103 
0.833024 0.028739 0.052784 0.085453 
0.792102 0.036317 0.074339 0.097242 
0.888319 0.019196 0.039259 0.053226 
0.827840 0.030453 0.085642 0.056065 
0.738892 0.044551 0.132153 0.084404 
0.968109 0.004819 0.018587 0.008485 
0.682373 0.056296 0.103160 0.158170 
0.896301 0.017828 0.044587 0.041285 
0.694240 0.056215 0.092232 0.157313 
0.811076 0.032874 0.067829 0.088220 
0.992012 0.001285 0.004251 0.002452 
0.789218 0.037188 0.086088 0.087507 
0.648566 0.045074 0.241283 0.065077 
0.627905 0.063057 0.100507 0.208531 
0.621013 0.070734 0.166774 0.141479 
0.534735 0.065643 0.084415 0.315206 
0.552680 0.052505 0.329789 0.065026 
0.481588 0.100650 0.122589 0.295174 
0.708788 0.038002 0.196457 0.056753 
0.427328 0.128039 0.147136 0.297497 
0.818843 0.030807 0.055151 0.095200 
0.903351 0.013331 0.061708 0.021611 
0.824369 0.032192 0.066763 0.076676 
0.600072 0.059531 0.081136 0.259261 
0.631970 0.040589 0.274527 0.052914 
0.335762 0.041947 0.576289 0.046002 
0.789229 0.037175 0.086898 0.086698 
0.915916 0.013382 0.045353 0.025350 
0.972507 0.004701 0.011880 0.010912 
0.926047 0.012926 0.033995 0.027032 
0.617292 0.065896 0.205853 0.110959 
0.958891 0.006957 0.018673 0.015479 
0.846485 0.019665 0.104018 0.029832 
0.957008 0.006467 0.025323 0.011202 
0.801078 0.035426 0.064911 0.098584 
0.292783 0.038013 0.627871 0.041333 
0.320379 0.072195 0.072951 0.534475 
0.709693 0.044604 0.172508 0.073195 
0.712598 0.051794 0.122732 0.112875 
0.844465 0.027028 0.058777 0.069730 
0.988619 0.001795 0.006247 0.003340 
0.927670 0.012548 0.027355 0.032427 
0.869129 0.022527 0.057739 0.050605 
0.942904 0.008274 0.034828 0.013994 
0.864983 0.024396 0.053363 0.057258 
0.997483 0.000421 0.001208 0.000888 
0.867751 0.020252 0.076106 0.035891 
0.908981 0.015169 0.048067 0.027782 
0.758384 0.041381 0.119662 0.080574 
0.961964 0.006313 0.019567 0.012156 
0.790032 0.028400 0.137076 0.044492 
0.438469 0.110006 0.123919 0.327606 
0.865483 0.023257 0.049910 0.061350 
0.900343 0.013649 0.064195 0.021814 
0.965429 0.005985 0.014807 0.013778 
0.911970 0.012702 0.054569 0.020760 
0.780223 0.039879 0.107767 0.072131 
0.706426 0.053170 0.115313 0.125091 
0.596635 0.084289 0.174448 0.144628 
0.853396 0.023883 0.077150 0.045571 
0.693865 0.059551 0.108843 0.137742 
0.801350 0.033287 0.058896 0.106467 
0.922928 0.013376 0.028850 0.034846 
0.783172 0.025758 0.153572 0.037498 
0.801264 0.034463 0.061109 0.103164 
0.848546 0.022210 0.091720 0.037525 
0.632550 0.036189 0.283862 0.047399 
0.978732 0.003651 0.009351 0.008266 
0.196389 0.101837 0.628444 0.073330 
0.679013 0.038569 0.227290 0.055128 
0.141056 0.049075 0.770152 0.039717 
0.960699 0.006633 0.019483 0.013185 
0.726233 0.051591 0.129733 0.092443 
0.215107 0.118668 0.581404 0.084821 
0.777961 0.037001 0.115405 0.069633 
0.978108 0.003692 0.010665 0.007535 
0.821557 0.031708 0.088337 0.058397 
0.955506 0.007084 0.023823 0.013587 
0.458800 0.101094 0.321946 0.118160 
0.916452 0.013828 0.041558 0.028162 
0.681364 0.052145 0.177862 0.088629 
0.950195 0.007330 0.029825 0.012650 
0.757179 0.042820 0.086755 0.113246 
0.952791 0.007081 0.027932 0.012196 
0.781419 0.028918 0.145039 0.044624 
0.425506 0.045755 0.474173 0.054566 
0.596960 0.042666 0.306026 0.054348 
0.947173 0.009178 0.021101 0.022548 
0.778418 0.033414 0.132035 0.056132 
0.855047 0.021512 0.086636 0.036806 
0.893155 0.017904 0.056417 0.032524 
0.913381 0.013267 0.049475 0.023877 
0.909950 0.014885 0.045036 0.030128 
0.901936 0.015493 0.055950 0.026620 
0.889728 0.019052 0.044570 0.046650 
0.944750 0.008315 0.032182 0.014754 
0.937927 0.009341 0.036170 0.016562 
0.866817 0.020008 0.078410 0.034765 
0.962003 0.006569 0.015724 0.015705 
0.703855 0.034957 0.213353 0.047835 
0.785474 0.035997 0.109546 0.068982 
0.203852 0.050029 0.700243 0.045876 
0.617633 0.048988 0.269359 0.064019 
0.008169 0.003226 0.986137 0.002468 
0.847692 0.026118 0.070087 0.056103 
0.581586 0.089291 0.161344 0.167779 
0.689059 0.034749 0.227595 0.048597 
0.635524 0.036075 0.280599 0.047803 
0.897507 0.016175 0.058646 0.027672 
0.435003 0.047149 0.463643 0.054206 
0.962541 0.006455 0.015484 0.015521 
0.980553 0.003004 0.010955 0.005488 
0.770008 0.026890 0.164326 0.038776 
0.874817 0.018517 0.074876 0.031790 
0.653076 0.068350 0.162155 0.116419 
0.730399 0.043788 0.069555 0.156257 
0.727273 0.045256 0.146240 0.081230 
0.854873 0.018907 0.096916 0.029304 
0.872132 0.021076 0.065281 0.041511 
0.849772 0.024970 0.075952 0.049306 
0.708426 0.032332 0.215015 0.044226 
0.701169 0.047754 0.074408 0.176669 
0.946845 0.008923 0.025055 0.019177 
0.472860 0.087821 0.102435 0.336883 
0.976471 0.003731 0.012934 0.006863 
0.944049 0.009743 0.025260 0.020948 
0.855963 0.021592 0.085146 0.037298 
0.837410 0.024145 0.100389 0.038056 
0.691841 0.035143 0.223480 0.049536 
0.821262 0.026913 0.105778 0.046047 
0.543240 0.045958 0.351303 0.059498 
0.796630 0.026891 0.134808 0.041671 
0.563009 0.071702 0.256225 0.109063 
0.756413 0.028108 0.175722 0.039757 
0.974635 0.003983 0.013896 0.007487 
0.460342 0.075146 0.086390 0.378121 
0.973159 0.004175 0.015147 0.007519 
0.889887 0.019343 0.039863 0.050907 
0.910903 0.015329 0.037111 0.036656 
0.884392 0.016704 0.070741 0.028163 
0.877181 0.021066 0.042086 0.059667 
0.893375 0.018342 0.037884 0.050399 
0.665230 0.039857 0.241595 0.053319 
0.986830 0.002220 0.006349 0.004601 
0.907191 0.015489 0.045282 0.032038 
0.748270 0.044924 0.098191 0.108614 
0.627729 0.037474 0.286060 0.048737 
0.761057 0.042470 0.124100 0.072373 
0.815687 0.031752 0.057018 0.095543 
0.949141 0.008643 0.025035 0.017181 
0.980263 0.003286 0.009506 0.006945 
0.625428 0.047031 0.260896 0.066645 
0.581798 0.041857 0.321369 0.054976 
0.729834 0.040705 0.162854 0.066606 
0.949562 0.008114 0.026513 0.015812 
0.917720 0.013339 0.042882 0.026060 
0.828215 0.029340 0.056496 0.085950 
0.413301 0.075528 0.429262 0.081909 
0.604701 0.061450 0.088475 0.245374 
0.647347 0.065058 0.128513 0.159081 
0.710148 0.034290 0.208451 0.047110 
0.934446 0.010448 0.035144 0.019961 
0.780918 0.041009 0.082997 0.095075 
0.618906 0.042375 0.283911 0.054807 
0.818096 0.031138 0.060062 0.090704 
0.890502 0.016650 0.063325 0.029523 
0.974118 0.004167 0.013548 0.008168 
0.935907 0.011099 0.024680 0.028314 
0.932359 0.009799 0.041534 0.016308 
0.712049 0.041911 0.179701 0.066340 
0.683692 0.051225 0.190126 0.074957 
0.717813 0.037071 0.189385 0.055731 
0.633256 0.037280 0.280826 0.048638 
0.820239 0.028688 0.098900 0.052172 
0.977774 0.003409 0.012666 0.006151 
0.869890 0.017300 0.086025 0.026785 
0.989241 0.001724 0.005688 0.003347 
0.216684 0.036979 0.709135 0.037202 
0.804421 0.035627 0.092220 0.067733 
0.919710 0.011540 0.049276 0.019473 
0.780112 0.037734 0.119131 0.063023 
0.746948 0.028842 0.183202 0.041008 
0.944496 0.009573 0.026217 0.019714 
0.943473 0.008705 0.031941 0.015881 
0.913372 0.012050 0.054997 0.019582 
0.988349 0.001849 0.006346 0.003457 
0.599143 0.064899 0.234449 0.101509 
0.964920 0.005331 0.020179 0.009570 
0.989151 0.001825 0.005244 0.003780 
0.673149 0.044337 0.216237 0.066276 
0.664069 0.057039 0.084898 0.193994 
0.992304 0.001303 0.003568 0.002825 
0.814514 0.032358 0.080784 0.072344 
0.817399 0.025850 0.114686 0.042066 
0.738945 0.029552 0.190212 0.041292 
0.904577 0.015052 0.052335 0.028035 
0.685511 0.035148 0.231956 0.047385 
0.893496 0.017842 0.051709 0.036953 
0.644621 0.065074 0.123182 0.167124 
0.969844 0.005080 0.014889 0.010188 
0.985779 0.002424 0.006368 0.005429 
0.738925 0.049374 0.092431 0.119270 
0.949667 0.007384 0.030371 0.012578 
0.305618 0.044323 0.601193 0.048865 
0.721371 0.049281 0.080593 0.148755 
0.561545 0.079190 0.125721 0.233544 
0.797941 0.037006 0.071564 0.093489 
0.798356 0.027413 0.133490 0.040742 
0.830198 0.030885 0.077256 0.061661 
0.931990 0.010682 0.037374 0.019955 
0.479718 0.080904 0.104165 0.335213 
0.615632 0.065103 0.102420 0.216846 
0.657539 0.055430 0.207865 0.079166 
0.287309 0.068148 0.579348 0.065195 
0.852647 0.020802 0.094172 0.032379 
0.849119 0.026653 0.051783 0.072445 
0.580898 0.050960 0.298258 0.069884 
0.801840 0.027921 0.128170 0.042069 
0.831505 0.027363 0.089833 0.051298 
0.979029 0.003564 0.009932 0.007474 
0.398387 0.090959 0.095114 0.415541 
0.667677 0.035337 0.249900 0.047086 
0.809018 0.030144 0.112624 0.048214 
0.813904 0.031039 0.094911 0.060146 
0.496802 0.042211 0.408839 0.052148 
0.805283 0.028494 0.118929 0.047294 
0.972400 0.004196 0.015902 0.007503 
0.835373 0.029292 0.080148 0.055187 
0.812116 0.034812 0.075518 0.077554 
0.445963 0.096784 0.347588 0.109665 
0.914282 0.014088 0.046165 0.025465 
0.473414 0.051947 0.413925 0.060714 
0.687846 0.056882 0.119904 0.135368 
0.636707 0.062859 0.103934 0.196500 
0.894551 0.018074 0.046499 0.040877 
0.609118 0.041774 0.295473 0.053635 
0.944327 0.009156 0.027915 0.018602 
0.964694 0.006099 0.015857 0.013350 
0.682619 0.050095 0.075094 0.192193 
0.808685 0.024676 0.128823 0.037817 
0.314180 0.218416 0.230807 0.236596 
0.592400 0.060534 0.081574 0.265492 
0.954742 0.007714 0.021957 0.015586 
0.997996 0.000327 0.001026 0.000651 
0.127707 0.026313 0.821039 0.024941 
0.433297 0.140720 0.235959 0.190024 
0.313213 0.185196 0.156095 0.345496 
0.870924 0.021075 0.067238 0.040763 
0.887848 0.019277 0.039586 0.053289 
0.913344 0.014979 0.031688 0.039989 
0.925990 0.012500 0.034377 0.027133 
0.871497 0.021901 0.059522 0.047080 
0.737695 0.042670 0.069068 0.150567 
0.593155 0.040101 0.315729 0.051015 
0.879381 0.019281 0.065124 0.036214 
0.777553 0.040578 0.107961 0.073907 
0.316119 0.071256 0.542644 0.069980 
0.727781 0.046229 0.081095 0.144895 
0.836268 0.028306 0.058202 0.077225 
0.549463 0.063099 0.299218 0.088220 
0.924611 0.011609 0.042687 0.021093 
0.481872 0.077281 0.090922 0.349924 
0.408818 0.151823 0.246898 0.192461 
0.545563 0.086982 0.117511 0.249944 
0.978774 0.003492 0.010975 0.006759 
0.254950 0.037004 0.668490 0.039556 
0.800143 0.033614 0.060466 0.105776 
0.457343 0.108929 0.128162 0.305566 
0.995209 0.000807 0.002258 0.001726 
0.886622 0.020119 0.052110 0.041149 
0.907943 0.015727 0.040915 0.035414 
0.363969 0.041486 0.548006 0.046539 
0.818954 0.022731 0.123989 0.034326 
0.648543 0.042266 0.253183 0.056007 
0.708172 0.049358 0.084526 0.157944 
0.630879 0.068938 0.139382 0.160802 
0.872265 0.019701 0.072782 0.035251 
0.729998 0.040743 0.162507 0.066752 
0.736226 0.045624 0.129508 0.088641 
0.792288 0.032255 0.119418 0.056040 
0.044105 0.824459 0.068990 0.062446 
0.036131 0.858356 0.055113 0.050401 
0.054912 0.704371 0.050176 0.190542 
0.109004 0.537622 0.095762 0.257613 
0.092768 0.498057 0.073899 0.335275 
0.067507 0.674619 0.060928 0.196947 
0.009290 0.962523 0.012822 0.015365 
0.019470 0.922650 0.028567 0.029312 
0.005037 0.979394 0.006607 0.008963 
0.053503 0.739926 0.052588 0.153982 
0.017958 0.922996 0.019784 0.039262 
0.068253 0.724967 0.127713 0.079067 
0.077072 0.633808 0.068502 0.220618 
0.020784 0.915466 0.027841 0.035909 
0.143256 0.193513 0.079851 0.583379 
0.003210 0.986715 0.003925 0.006150 
0.029339 0.881960 0.041056 0.047645 
0.030213 0.880021 0.047262 0.042503 
0.058525 0.772020 0.068868 0.100587 
0.127616 0.476426 0.107932 0.288026 
0.000120 0.999497 0.000145 0.000238 
0.003515 0.985647 0.004614 0.006223 
0.014740 0.932194 0.015430 0.037636 
0.161351 0.395831 0.307510 0.135307 
0.055713 0.777958 0.093101 0.073228 
0.017153 0.920416 0.017734 0.044697 
0.001162 0.995175 0.001453 0.002211 
0.048872 0.804974 0.083506 0.062648 
0.057829 0.755178 0.066143 0.120849 
0.119884 0.372561 0.086882 0.420673 
0.014827 0.940760 0.021329 0.023084 
0.008074 0.967516 0.010811 0.013599 
0.056977 0.780557 0.070787 0.091679 
0.040762 0.837894 0.067122 0.054221 
0.021479 0.912655 0.028771 0.037095 
0.042813 0.829570 0.066321 0.061297 
0.134023 0.359547 0.096418 0.410012 
0.010541 0.957786 0.014344 0.017329 
0.042385 0.825520 0.052843 0.079252 
0.005390 0.977423 0.006367 0.010820 
0.050367 0.112246 0.030340 0.807046 
0.061374 0.757187 0.095623 0.085816 
0.030869 0.862133 0.033713 0.073285 
0.085163 0.672489 0.143972 0.098376 
0.017095 0.932010 0.024669 0.026226 
0.019172 0.913030 0.019959 0.047838 
0.002966 0.987734 0.003764 0.005536 
0.026346 0.883052 0.029103 0.061498 
0.036630 0.854178 0.058812 0.050379 
0.059545 0.657005 0.051277 0.232173 
0.088245 0.636943 0.182026 0.092786 
0.061796 0.743578 0.063816 0.130810 
0.048092 0.806740 0.054302 0.090866 
0.040469 0.842727 0.053735 0.063069 
0.012945 0.946776 0.015501 0.024777 
0.034017 0.867210 0.048390 0.050383 
0.020587 0.918584 0.028532 0.032297 
0.037192 0.855162 0.050232 0.057413 
0.125078 0.450391 0.317297 0.107235 
0.025043 0.889221 0.026271 0.059465 
0.024912 0.900284 0.036539 0.038265 
0.029035 0.886147 0.041004 0.043814 
0.009111 0.959552 0.010099 0.021238 
0.003592 0.984726 0.004281 0.007401 
0.030744 0.874811 0.035593 0.058853 
0.053066 0.708274 0.047065 0.191594 
0.040922 0.824814 0.047058 0.087206 
0.016475 0.923484 0.017120 0.042921 
0.015681 0.930962 0.017618 0.035739 
0.001446 0.994031 0.001800 0.002722 
0.069846 0.670162 0.068854 0.191138 
0.048347 0.745983 0.045053 0.160617 
0.047002 0.749410 0.043307 0.160281 
0.047043 0.811946 0.065671 0.075339 
0.052238 0.751655 0.052384 0.143723 
0.016679 0.924811 0.017549 0.040962 
0.002385 0.989747 0.002773 0.005095 
0.046838 0.758496 0.044274 0.150392 
0.070642 0.537317 0.057450 0.334591 
0.045726 0.761067 0.041902 0.151305 
0.048949 0.805486 0.075631 0.069933 
