0.687296 0.111061 0.098928 0.102715 
0.144198 0.285298 0.334524 0.235981 
0.790094 0.082028 0.062876 0.065002 
0.345196 0.349081 0.153853 0.151869 
0.164517 0.160154 0.161935 0.513395 
0.350589 0.204272 0.191577 0.253563 
0.132951 0.151912 0.483472 0.231665 
0.507946 0.167310 0.159228 0.165516 
0.082648 0.094773 0.731578 0.091001 
0.130685 0.118049 0.111514 0.639752 
0.201768 0.428603 0.186688 0.182942 
0.136597 0.177769 0.452218 0.233416 
0.164545 0.162564 0.167992 0.504899 
0.083988 0.083753 0.092996 0.739263 
0.169849 0.636476 0.098964 0.094711 
0.176960 0.181372 0.179269 0.462399 
0.441448 0.240870 0.138466 0.179216 
0.178008 0.554698 0.135191 0.132102 
0.144381 0.655413 0.104470 0.095737 
0.129888 0.225217 0.500225 0.144669 
0.061761 0.063739 0.079325 0.795175 
0.119229 0.185824 0.564527 0.130419 
0.146004 0.501048 0.214816 0.138132 
0.208438 0.174239 0.172149 0.445174 
0.137647 0.588825 0.150007 0.123521 
0.032950 0.042038 0.888686 0.036326 
0.038213 0.884783 0.044493 0.032511 
0.534225 0.145961 0.124910 0.194904 
0.905231 0.037888 0.026034 0.030847 
0.474446 0.172201 0.163034 0.190319 
0.111265 0.110895 0.124680 0.653159 
0.114358 0.133231 0.595978 0.156433 
