0.811254 0.028312 0.117253 0.043181 
0.049045 0.038039 0.890429 0.022486 
0.913283 0.014172 0.048925 0.023620 
0.705685 0.054965 0.099053 0.140298 
0.175181 0.040277 0.746838 0.037703 
0.937451 0.010951 0.030417 0.021180 
0.902656 0.013746 0.062643 0.020956 
0.160677 0.113698 0.077136 0.648489 
0.063752 0.688137 0.076042 0.172069 
0.779034 0.038381 0.071218 0.111367 
0.083598 0.059887 0.816971 0.039544 
0.687767 0.060274 0.126332 0.125626 
0.069565 0.068645 0.821697 0.040092 
0.004506 0.975964 0.005939 0.013592 
0.056904 0.548546 0.054569 0.339981 
0.996650 0.000571 0.001622 0.001158 
0.049579 0.708280 0.054154 0.187986 
0.783783 0.040380 0.079291 0.096546 
0.192051 0.038596 0.726382 0.042972 
0.184952 0.037767 0.736500 0.040781 
0.009335 0.013992 0.005356 0.971317 
0.952388 0.008300 0.020408 0.018904 
0.061231 0.188199 0.047392 0.703178 
0.001267 0.993280 0.001783 0.003670 
0.500607 0.070501 0.324989 0.103903 
0.005289 0.009791 0.003280 0.981639 
0.924594 0.011738 0.042727 0.020941 
0.001632 0.990676 0.002161 0.005530 
0.047755 0.770082 0.093104 0.089059 
0.051539 0.753708 0.105731 0.089021 
0.013909 0.931660 0.022997 0.031433 
0.831477 0.030077 0.058158 0.080288 
0.018760 0.013040 0.959053 0.009148 
0.047788 0.208098 0.039746 0.704368 
0.003944 0.006729 0.002433 0.986894 
0.984676 0.002510 0.008118 0.004697 
0.997710 0.000393 0.001106 0.000792 
0.027676 0.854225 0.037360 0.080739 
0.211006 0.037381 0.709318 0.042295 
0.973800 0.004481 0.011677 0.010042 
0.009206 0.943963 0.011617 0.035214 
0.598259 0.073199 0.137454 0.191088 
0.142763 0.056895 0.748849 0.051493 
0.995728 0.000687 0.002237 0.001348 
0.874052 0.022146 0.043879 0.059923 
0.101029 0.532315 0.218241 0.148415 
0.164728 0.155705 0.095642 0.583925 
0.049428 0.120999 0.034382 0.795192 
0.019019 0.007687 0.966349 0.006945 
0.019446 0.898496 0.024789 0.057270 
0.024504 0.882254 0.040756 0.052485 
0.009823 0.012572 0.005166 0.972440 
0.000997 0.994721 0.001334 0.002948 
0.418740 0.121738 0.217755 0.241767 
0.050836 0.583219 0.047146 0.318799 
0.760819 0.041566 0.067773 0.129841 
0.856827 0.024144 0.066595 0.052434 
0.887730 0.019532 0.040769 0.051969 
0.108525 0.462065 0.111061 0.318350 
0.420716 0.110710 0.135145 0.333429 
0.004082 0.979128 0.005134 0.011656 
0.038694 0.027821 0.913048 0.020437 
0.043354 0.725555 0.042461 0.188630 
0.577045 0.074021 0.217323 0.131611 
0.205821 0.096350 0.067629 0.630200 
0.028872 0.825490 0.028650 0.116987 
0.155125 0.077182 0.050643 0.717051 
0.049511 0.627840 0.042362 0.280287 
0.038926 0.121112 0.024389 0.815573 
0.830473 0.025665 0.098882 0.044979 
0.005393 0.973421 0.007018 0.014168 
0.064984 0.126286 0.038026 0.770704 
0.107203 0.089936 0.741590 0.061272 
0.054502 0.248997 0.038347 0.658154 
0.867159 0.023520 0.065872 0.043449 
0.079936 0.224023 0.055877 0.640164 
0.029671 0.009889 0.951018 0.009423 
0.029317 0.054719 0.016654 0.899310 
0.054713 0.017266 0.910995 0.017026 
0.953675 0.007240 0.026073 0.013012 
0.979418 0.003487 0.010342 0.006753 
0.048703 0.132847 0.030928 0.787521 
0.267328 0.111013 0.083659 0.538000 
0.364841 0.052231 0.520053 0.062875 
0.864169 0.019002 0.086492 0.030337 
0.000079 0.000132 0.000043 0.999746 
0.760828 0.045213 0.094758 0.099201 
0.571444 0.044583 0.323339 0.060634 
0.634931 0.047095 0.251034 0.066939 
0.082134 0.638647 0.154662 0.124557 
0.059353 0.067646 0.029775 0.843226 
0.031977 0.856138 0.047823 0.064062 
0.381461 0.095277 0.410059 0.113203 
0.017550 0.904301 0.019872 0.058277 
0.116474 0.114657 0.701219 0.067650 
0.459737 0.083633 0.349290 0.107340 
0.013739 0.031527 0.008717 0.946018 
0.238547 0.212884 0.378393 0.170176 
0.846199 0.024198 0.089753 0.039849 
0.593504 0.050711 0.288742 0.067042 
0.059987 0.028436 0.889917 0.021659 
0.020737 0.057420 0.014386 0.907457 
0.026048 0.007350 0.960147 0.006456 
0.008333 0.011115 0.004685 0.975867 
0.002588 0.987172 0.003494 0.006746 
0.034166 0.845409 0.052831 0.067595 
0.058269 0.023195 0.900551 0.017986 
0.012676 0.926244 0.014308 0.046772 
0.118721 0.130232 0.681896 0.069150 
0.683825 0.036960 0.232093 0.047122 
0.110952 0.030624 0.831830 0.026594 
0.434468 0.095071 0.107854 0.362608 
0.166696 0.092770 0.065821 0.674713 
0.804023 0.036423 0.073354 0.086200 
0.712572 0.054751 0.097608 0.135070 
0.114672 0.044689 0.803447 0.037193 
0.020913 0.906227 0.027245 0.045615 
0.065942 0.550989 0.057871 0.325199 
0.004320 0.001456 0.992986 0.001238 
0.017208 0.901854 0.017477 0.063460 
0.976135 0.003803 0.013227 0.006835 
0.022399 0.899912 0.027621 0.050068 
0.108921 0.065421 0.778628 0.047029 
0.005400 0.975606 0.006639 0.012354 
0.121932 0.122683 0.687913 0.067472 
0.068668 0.072431 0.031660 0.827242 
0.000431 0.997855 0.000488 0.001226 
0.007414 0.013166 0.004024 0.975396 
0.084960 0.641993 0.157507 0.115539 
0.004349 0.980137 0.005521 0.009993 
0.023078 0.891493 0.027734 0.057696 
0.729199 0.052089 0.119094 0.099618 
0.024211 0.889090 0.028898 0.057801 
0.061613 0.202473 0.041919 0.693995 
0.060168 0.040942 0.023326 0.875564 
0.032797 0.825235 0.032402 0.109566 
0.470140 0.080578 0.088909 0.360374 
0.833475 0.026246 0.097255 0.043023 
0.029223 0.829856 0.027016 0.113905 
0.036188 0.015176 0.936323 0.012312 
0.628927 0.062349 0.080577 0.228146 
0.079864 0.021716 0.877613 0.020807 
0.083487 0.042915 0.840064 0.033534 
0.883017 0.019853 0.059808 0.037321 
0.045381 0.048489 0.019810 0.886320 
0.732248 0.049385 0.140717 0.077650 
0.056960 0.745844 0.058413 0.138783 
0.872748 0.022573 0.062780 0.041900 
0.187862 0.070387 0.049514 0.692238 
0.017185 0.031734 0.008480 0.942600 
0.773021 0.043358 0.072391 0.111230 
0.919755 0.014398 0.027846 0.038000 
0.005202 0.005954 0.002148 0.986695 
0.401924 0.167012 0.224094 0.206970 
0.997172 0.000476 0.001397 0.000955 
0.072481 0.035296 0.863912 0.028311 
0.889702 0.018547 0.055428 0.036323 
0.890479 0.015821 0.067789 0.025911 
0.458512 0.058100 0.414359 0.069029 
0.747850 0.032197 0.173565 0.046389 
0.001388 0.001828 0.000608 0.996177 
0.578306 0.043597 0.317989 0.060108 
0.282741 0.039228 0.632798 0.045232 
0.099156 0.059778 0.032938 0.808129 
0.844116 0.024629 0.084207 0.047048 
0.846584 0.027026 0.057720 0.068671 
0.062390 0.296480 0.039663 0.601468 
0.907439 0.016538 0.033563 0.042460 
0.107649 0.141002 0.054957 0.696392 
0.122015 0.118418 0.692160 0.067407 
0.064943 0.734007 0.074758 0.126291 
0.050097 0.803130 0.070330 0.076443 
0.940064 0.010571 0.022809 0.026556 
0.666912 0.056664 0.075943 0.200482 
0.885630 0.018057 0.064703 0.031611 
0.064528 0.529977 0.044775 0.360720 
0.074372 0.020164 0.885804 0.019660 
0.787342 0.037184 0.096935 0.078539 
0.932051 0.011607 0.031210 0.025131 
0.099182 0.058802 0.033781 0.808235 
0.941440 0.010463 0.022336 0.025761 
0.015065 0.926876 0.013241 0.044818 
0.102988 0.044024 0.817075 0.035913 
0.072472 0.225249 0.043915 0.658364 
0.136496 0.146625 0.637959 0.078921 
0.919091 0.012668 0.045605 0.022636 
0.035701 0.855191 0.049549 0.059559 
0.028998 0.030357 0.012756 0.927889 
0.069300 0.724262 0.112626 0.093811 
0.159513 0.180526 0.567708 0.092252 
0.064906 0.042036 0.024159 0.868900 
0.046140 0.742783 0.039329 0.171748 
0.078508 0.023588 0.876757 0.021146 
0.016086 0.927850 0.016731 0.039333 
0.074901 0.707383 0.108667 0.109049 
0.487387 0.107572 0.261971 0.143070 
0.039506 0.833900 0.043696 0.082897 
0.046120 0.081581 0.025177 0.847122 
0.993895 0.001005 0.002959 0.002140 
0.041793 0.025295 0.014794 0.918118 
0.363920 0.065858 0.496931 0.073291 
0.746894 0.043134 0.072928 0.137044 
0.013129 0.940950 0.012461 0.033460 
0.004073 0.982592 0.004231 0.009104 
0.042025 0.833817 0.050703 0.073455 
0.062887 0.758843 0.092810 0.085460 
0.030741 0.874010 0.031465 0.063785 
0.549517 0.060901 0.081709 0.307873 
0.044494 0.829112 0.064769 0.061625 
0.008290 0.967607 0.010024 0.014079 
0.021477 0.915901 0.024072 0.038550 
0.093468 0.153605 0.049470 0.703458 
0.011115 0.950812 0.010989 0.027084 
0.994908 0.000823 0.002348 0.001921 
0.014464 0.937481 0.014449 0.033605 
0.128755 0.495333 0.253716 0.122195 
0.001296 0.994588 0.001408 0.002707 
0.136982 0.488383 0.243842 0.130793 
0.536750 0.064751 0.304554 0.093944 
0.038311 0.834974 0.037864 0.088852 
0.139719 0.060602 0.044020 0.755659 
0.061180 0.033058 0.882142 0.023620 
0.011205 0.952725 0.012064 0.024006 
0.084772 0.500650 0.060643 0.353935 
0.001691 0.992780 0.001769 0.003760 
0.710537 0.038494 0.195965 0.055005 
0.209048 0.111962 0.598183 0.080807 
0.022671 0.030077 0.010629 0.936623 
0.039329 0.849459 0.054343 0.056869 
0.970833 0.004865 0.014317 0.009985 
0.014075 0.020790 0.006986 0.958149 
0.880668 0.016355 0.077179 0.025798 
0.689541 0.062175 0.105190 0.143093 
0.618806 0.059744 0.080520 0.240931 
0.009112 0.963474 0.011258 0.016156 
0.053765 0.792862 0.084387 0.068986 
0.100180 0.644694 0.115635 0.139491 
0.138790 0.034131 0.794712 0.032367 
0.735586 0.045994 0.149898 0.068521 
0.338370 0.072677 0.069400 0.519554 
0.012936 0.949059 0.014979 0.023025 
0.047106 0.818850 0.046010 0.088034 
0.062745 0.046811 0.863296 0.027148 
0.405619 0.092875 0.085521 0.415986 
0.029799 0.020721 0.010979 0.938501 
0.689253 0.048322 0.066846 0.195579 
0.041270 0.025564 0.916448 0.016718 
0.864374 0.024238 0.038405 0.072983 
0.117710 0.027424 0.828579 0.026287 
0.036872 0.851208 0.031711 0.080209 
0.187924 0.035719 0.739941 0.036416 
0.683801 0.069409 0.107923 0.138867 
0.982166 0.003162 0.007222 0.007450 
0.062200 0.782074 0.083403 0.072324 
0.769022 0.041321 0.077627 0.112030 
0.003224 0.001384 0.994341 0.001052 
0.076386 0.037138 0.860549 0.025927 
0.027775 0.023546 0.010800 0.937879 
0.176674 0.060550 0.714826 0.047950 
0.012686 0.007058 0.975600 0.004657 
0.321555 0.069760 0.059509 0.549175 
0.795034 0.036369 0.071064 0.097533 
0.397069 0.104974 0.089572 0.408385 
0.129494 0.388137 0.381184 0.101185 
0.131600 0.046027 0.784812 0.037561 
0.268377 0.276240 0.270329 0.185055 
0.053323 0.794465 0.069089 0.083123 
0.088440 0.206228 0.049620 0.655712 
0.690049 0.043408 0.196636 0.069907 
0.022299 0.018303 0.009067 0.950331 
0.093880 0.061672 0.806264 0.038184 
0.019296 0.006685 0.968528 0.005491 
0.911713 0.014963 0.031843 0.041481 
0.662367 0.057823 0.097290 0.182520 
0.049662 0.775076 0.047049 0.128213 
0.031511 0.046064 0.015718 0.906707 
0.841321 0.027293 0.075432 0.055954 
0.767614 0.042338 0.071408 0.118640 
0.010740 0.004708 0.980876 0.003676 
0.032027 0.873517 0.044938 0.049518 
0.079180 0.702368 0.109609 0.108844 
0.819929 0.030581 0.047942 0.101548 
0.984182 0.002828 0.006582 0.006407 
0.012588 0.945251 0.013943 0.028218 
0.282365 0.067286 0.057742 0.592607 
0.042287 0.811139 0.044520 0.102053 
0.325071 0.072960 0.066945 0.535023 
0.048888 0.035158 0.892877 0.023077 
0.083724 0.252590 0.049652 0.614033 
0.002094 0.991207 0.002420 0.004279 
0.064690 0.033096 0.876290 0.025925 
0.020087 0.919347 0.028889 0.031677 
0.083723 0.250827 0.050309 0.615140 
0.761627 0.046360 0.066307 0.125706 
0.121010 0.550227 0.100488 0.228275 
0.044561 0.034111 0.900638 0.020691 
0.084963 0.231025 0.050262 0.633750 
0.006577 0.971838 0.006964 0.014621 
0.085716 0.409925 0.055241 0.449118 
0.095354 0.138136 0.706108 0.060403 
0.063038 0.658367 0.053448 0.225147 
0.129423 0.075520 0.038375 0.756683 
0.057230 0.754398 0.064790 0.123582 
0.913645 0.014830 0.044559 0.026966 
0.138715 0.035484 0.790353 0.035449 
0.008461 0.960619 0.008562 0.022357 
0.952164 0.008937 0.017500 0.021400 
0.010607 0.954529 0.012108 0.022757 
0.429915 0.145261 0.223838 0.200985 
0.153043 0.045693 0.755238 0.046025 
0.483193 0.064717 0.362403 0.089687 
0.005796 0.974990 0.006204 0.013010 
0.053270 0.777056 0.057901 0.111774 
0.096518 0.060299 0.033637 0.809546 
0.032206 0.852983 0.028632 0.086179 
0.428173 0.113483 0.108392 0.349952 
0.108432 0.073965 0.039638 0.777965 
0.113439 0.584913 0.177410 0.124238 
0.038453 0.827826 0.035445 0.098276 
0.011595 0.951119 0.011039 0.026247 
0.012457 0.015897 0.005223 0.966422 
0.840931 0.022865 0.098123 0.038081 
0.028732 0.042740 0.013242 0.915286 
0.029037 0.885062 0.029435 0.056465 
0.601400 0.063382 0.236467 0.098751 
0.074248 0.706834 0.124545 0.094374 
0.893996 0.015812 0.064208 0.025984 
0.026089 0.043024 0.013103 0.917785 
0.102244 0.026487 0.847630 0.023639 
0.040021 0.046472 0.018759 0.894748 
0.080276 0.048573 0.838390 0.032762 
0.994364 0.001016 0.002649 0.001970 
0.341870 0.126477 0.423068 0.108585 
0.020124 0.922037 0.025089 0.032750 
0.080315 0.709967 0.086216 0.123502 
0.031187 0.871361 0.036646 0.060807 
0.124888 0.090063 0.051639 0.733410 
0.053515 0.111897 0.030132 0.804456 
0.128414 0.075214 0.744474 0.051898 
0.108039 0.621647 0.161364 0.108950 
0.074590 0.231974 0.042570 0.650866 
0.994880 0.000980 0.002391 0.001749 
0.053147 0.792999 0.048975 0.104879 
0.212372 0.080621 0.052565 0.654442 
0.650266 0.064392 0.082078 0.203265 
0.812668 0.028298 0.120921 0.038113 
0.838727 0.025957 0.101068 0.034249 
0.725717 0.051062 0.138521 0.084700 
0.056511 0.186647 0.034152 0.722690 
0.027932 0.041210 0.013882 0.916976 
0.728604 0.045769 0.160791 0.064836 
0.803385 0.039416 0.103470 0.053730 
0.030700 0.035713 0.014363 0.919223 
0.030760 0.019108 0.938934 0.011198 
0.033490 0.869467 0.049819 0.047223 
0.024853 0.902259 0.035798 0.037090 
0.032714 0.029448 0.013918 0.923921 
0.158794 0.071428 0.725746 0.044031 
0.042078 0.834468 0.064950 0.058504 
0.782064 0.031557 0.149680 0.036699 
0.080824 0.065460 0.036324 0.817392 
0.959370 0.006903 0.024387 0.009340 
0.049251 0.820049 0.076640 0.054059 
0.113543 0.524215 0.276491 0.085751 
0.042037 0.086235 0.024573 0.847155 
0.101249 0.602533 0.188138 0.108079 
0.018713 0.014429 0.007780 0.959079 
0.856069 0.026585 0.074287 0.043058 
0.006249 0.003577 0.988268 0.001906 
0.043039 0.824160 0.056965 0.075836 
0.952960 0.008723 0.022550 0.015767 
0.050141 0.015253 0.923724 0.010882 
0.906676 0.017284 0.050491 0.025549 
0.020980 0.917874 0.033201 0.027945 
0.088816 0.101735 0.768511 0.040938 
0.171708 0.457096 0.162316 0.208880 
0.799786 0.029305 0.134002 0.036906 
0.723887 0.053188 0.079178 0.143747 
0.500962 0.047720 0.403734 0.047583 
0.869912 0.026167 0.049849 0.054071 
0.688891 0.057894 0.161189 0.092026 
0.873703 0.021075 0.074256 0.030966 
0.755645 0.030619 0.178708 0.035027 
0.979976 0.003306 0.012005 0.004713 
0.278060 0.040580 0.647121 0.034239 
0.008365 0.966344 0.012850 0.012441 
0.032693 0.060810 0.021184 0.885313 
0.414988 0.046529 0.496944 0.041539 
0.103035 0.080488 0.048491 0.767986 
0.039185 0.840603 0.057790 0.062421 
0.078689 0.639423 0.088028 0.193860 
0.058810 0.680842 0.058453 0.201895 
0.124939 0.075971 0.056555 0.742536 
0.055379 0.780523 0.066742 0.097356 
0.106426 0.297843 0.078997 0.516734 
0.879032 0.022500 0.058934 0.039533 
0.129089 0.048064 0.788139 0.034708 
0.045030 0.821417 0.062518 0.071034 
0.078587 0.689970 0.145798 0.085645 
0.081189 0.699722 0.094818 0.124271 
0.000261 0.998945 0.000337 0.000457 
0.901930 0.017928 0.040629 0.039514 
0.031580 0.037795 0.017422 0.913204 
0.022434 0.016171 0.009880 0.951516 
0.302201 0.105149 0.094458 0.498193 
0.029843 0.021996 0.012870 0.935292 
0.076225 0.071372 0.820751 0.031651 
0.024616 0.891902 0.026628 0.056854 
0.021372 0.021366 0.010755 0.946507 
0.043844 0.793282 0.044532 0.118342 
0.790792 0.037637 0.066110 0.105461 
0.086824 0.084256 0.045115 0.783805 
0.000172 0.000165 0.000081 0.999582 
0.004381 0.983179 0.005549 0.006891 
0.084743 0.052054 0.833210 0.029993 
0.033588 0.034126 0.015209 0.917077 
0.097575 0.039313 0.838278 0.024834 
0.775112 0.029347 0.158625 0.036915 
0.066791 0.732866 0.065797 0.134546 
0.019882 0.027847 0.010904 0.941366 
0.080868 0.049527 0.844216 0.025388 
0.941455 0.009430 0.036644 0.012471 
0.020591 0.922016 0.031199 0.026195 
0.001134 0.001115 0.000548 0.997203 
0.895564 0.016541 0.065389 0.022506 
0.697091 0.050139 0.185507 0.067263 
0.089294 0.191168 0.058934 0.660604 
0.010165 0.005601 0.981197 0.003036 
0.314540 0.042360 0.607158 0.035941 
0.456818 0.125391 0.143995 0.273796 
0.020707 0.036440 0.012828 0.930025 
0.000790 0.000938 0.000424 0.997847 
0.063341 0.723690 0.076957 0.136012 
0.159377 0.097296 0.072870 0.670457 
0.311437 0.067686 0.567399 0.053478 
0.046352 0.763792 0.048078 0.141778 
0.825600 0.024483 0.117083 0.032834 
0.062998 0.635078 0.062184 0.239740 
0.126466 0.484701 0.116932 0.271901 
0.018123 0.007479 0.969620 0.004778 
0.153016 0.088899 0.702139 0.055945 
0.715469 0.055459 0.113596 0.115476 
0.073914 0.029751 0.875870 0.020465 
0.420581 0.060027 0.457876 0.061517 
0.004277 0.981317 0.005155 0.009251 
0.579502 0.052454 0.313830 0.054213 
0.051642 0.796436 0.086306 0.065615 
0.745658 0.045983 0.130860 0.077498 
0.498175 0.092006 0.112278 0.297541 
0.727264 0.054985 0.096481 0.121269 
0.974363 0.004016 0.015730 0.005891 
0.929391 0.012821 0.032980 0.024808 
0.098055 0.124345 0.052644 0.724956 
0.041748 0.027054 0.916135 0.015062 
0.852064 0.019270 0.103563 0.025102 
0.025734 0.897205 0.039823 0.037239 
0.010132 0.003335 0.984176 0.002357 
0.270721 0.090877 0.080918 0.557484 
0.875155 0.019968 0.073795 0.031082 
0.539853 0.100009 0.231917 0.128222 
0.007737 0.002647 0.987739 0.001877 
0.997536 0.000400 0.001417 0.000646 
0.046673 0.016365 0.925606 0.011356 
0.041510 0.022646 0.922155 0.013689 
0.135031 0.254168 0.528448 0.082354 
0.706329 0.052121 0.173437 0.068114 
0.986062 0.002421 0.007294 0.004223 
0.106901 0.060536 0.041517 0.791047 
0.042035 0.018314 0.927326 0.012325 
0.047635 0.802453 0.063005 0.086907 
0.062981 0.670062 0.062568 0.204389 
0.919872 0.014141 0.033979 0.032009 
0.264998 0.035748 0.663282 0.035972 
0.058821 0.064879 0.031711 0.844589 
0.072566 0.727023 0.095802 0.104609 
0.066224 0.732363 0.125387 0.076026 
0.075802 0.339339 0.058969 0.525890 
0.656784 0.037212 0.261056 0.044948 
0.564823 0.097371 0.190198 0.147608 
0.043529 0.794505 0.047559 0.114407 
0.605200 0.084393 0.172873 0.137535 
0.053454 0.139103 0.035478 0.771965 
0.049609 0.040197 0.023289 0.886906 
0.037570 0.032968 0.017428 0.912034 
0.008981 0.003540 0.985016 0.002463 
0.110968 0.037647 0.823927 0.027457 
0.671016 0.066413 0.126038 0.136532 
0.228648 0.155695 0.104518 0.511138 
0.033230 0.863944 0.037134 0.065691 
0.018593 0.005339 0.971974 0.004094 
0.002788 0.988333 0.003398 0.005481 
0.614713 0.036542 0.303828 0.044917 
0.558951 0.077519 0.124253 0.239277 
0.033188 0.864448 0.043629 0.058735 
0.830356 0.027278 0.091037 0.051329 
0.023219 0.027701 0.012832 0.936247 
0.115359 0.577784 0.170777 0.136080 
0.198008 0.045054 0.715960 0.040979 
0.137929 0.278923 0.494247 0.088902 
0.414413 0.036892 0.509316 0.039379 
0.804289 0.034008 0.091197 0.070506 
0.015699 0.929204 0.018430 0.036667 
0.077867 0.075473 0.041665 0.804995 
0.106097 0.586331 0.204922 0.102651 
0.662764 0.069224 0.128444 0.139569 
0.002969 0.987287 0.003591 0.006153 
0.784126 0.038712 0.074968 0.102193 
0.105744 0.107932 0.735799 0.050525 
0.079104 0.449953 0.066671 0.404272 
0.019985 0.019682 0.009461 0.950873 
0.002297 0.002698 0.001179 0.993826 
0.015377 0.015894 0.007637 0.961092 
0.003108 0.001467 0.994496 0.000929 
0.103158 0.052333 0.037298 0.807211 
0.094249 0.150174 0.054318 0.701260 
0.071377 0.211247 0.048579 0.668797 
0.219668 0.156943 0.099999 0.523389 
0.320949 0.083900 0.083451 0.511700 
0.044360 0.762746 0.042941 0.149953 
0.130361 0.091306 0.720365 0.057968 
0.962024 0.006998 0.017602 0.013377 
0.227708 0.058694 0.658323 0.055274 
0.087976 0.056441 0.819610 0.035972 
0.631945 0.044858 0.265425 0.057772 
0.093264 0.047627 0.030544 0.828565 
0.082182 0.019268 0.881690 0.016860 
0.052420 0.771995 0.055352 0.120233 
0.860487 0.018759 0.092053 0.028701 
0.802185 0.035326 0.071564 0.090925 
0.041018 0.038016 0.018595 0.902371 
0.029463 0.015454 0.944708 0.010375 
0.001930 0.992105 0.002247 0.003719 
0.007755 0.969001 0.009257 0.013987 
0.057003 0.138055 0.034683 0.770259 
0.660593 0.036692 0.257855 0.044860 
0.049832 0.035284 0.895114 0.019771 
0.092254 0.049251 0.030998 0.827497 
0.759075 0.045249 0.088389 0.107287 
0.195666 0.071583 0.056128 0.676623 
0.151634 0.030654 0.788968 0.028744 
0.844948 0.027674 0.048770 0.078608 
0.165236 0.363160 0.114835 0.356768 
0.917418 0.013213 0.046840 0.022529 
0.086019 0.641468 0.179360 0.093153 
0.745501 0.050559 0.118518 0.085422 
0.071613 0.049066 0.028664 0.850657 
0.080395 0.676223 0.160728 0.082654 
0.046153 0.818908 0.074325 0.060614 
0.748225 0.042695 0.069524 0.139556 
0.002472 0.990225 0.003353 0.003950 
0.464393 0.055889 0.419543 0.060174 
0.028063 0.880302 0.031268 0.060367 
0.054151 0.052091 0.025891 0.867867 
0.062417 0.139303 0.038088 0.760192 
0.042811 0.811429 0.045768 0.099992 
0.015559 0.931372 0.016313 0.036755 
0.187671 0.033293 0.746826 0.032210 
0.005290 0.006169 0.002545 0.985995 
0.018794 0.012918 0.007336 0.960953 
0.076830 0.189514 0.046991 0.686666 
0.036652 0.016001 0.935630 0.011717 
0.062843 0.062483 0.027705 0.846970 
0.034011 0.865345 0.047295 0.053348 
0.048656 0.798669 0.056422 0.096253 
0.083315 0.041821 0.029274 0.845590 
0.032204 0.050151 0.017175 0.900469 
0.792340 0.033936 0.105189 0.068536 
0.054248 0.781929 0.095391 0.068433 
0.186858 0.383120 0.244530 0.185492 
0.768974 0.040246 0.092919 0.097861 
0.417209 0.046017 0.481793 0.054981 
0.002632 0.988725 0.003300 0.005343 
0.077001 0.660002 0.083182 0.179815 
0.021169 0.015091 0.008936 0.954804 
0.049929 0.036458 0.891564 0.022050 
0.648771 0.060666 0.100929 0.189633 
0.018996 0.008801 0.965679 0.006524 
0.641293 0.062365 0.191315 0.105026 
0.971233 0.004670 0.012856 0.011242 
0.010858 0.007451 0.004419 0.977272 
0.092156 0.037070 0.840271 0.030503 
0.034910 0.019350 0.932270 0.013471 
0.053412 0.727892 0.047518 0.171178 
0.959219 0.007003 0.016195 0.017583 
0.024098 0.011817 0.955340 0.008744 
0.033684 0.032097 0.014807 0.919412 
0.065395 0.056485 0.846973 0.031148 
0.037614 0.011860 0.940539 0.009988 
0.015413 0.934123 0.016815 0.033650 
0.023830 0.028158 0.010916 0.937095 
0.832247 0.024834 0.099729 0.043190 
0.049561 0.102711 0.028675 0.819053 
0.955815 0.007795 0.017139 0.019252 
0.330050 0.071082 0.068455 0.530413 
0.037116 0.811921 0.034071 0.116892 
0.090735 0.045840 0.029814 0.833611 
0.061492 0.150624 0.036098 0.751785 
0.009216 0.961108 0.010794 0.018883 
0.931996 0.010462 0.038793 0.018749 
0.744937 0.036810 0.157485 0.060768 
0.192297 0.106606 0.077097 0.624000 
0.061603 0.146026 0.036403 0.755968 
0.100052 0.062039 0.038769 0.799140 
0.209628 0.112989 0.075250 0.602133 
0.897203 0.017368 0.052739 0.032690 
0.004483 0.982279 0.005546 0.007692 
0.148428 0.182397 0.074833 0.594343 
0.092242 0.042024 0.029231 0.836504 
0.003468 0.001361 0.994096 0.001074 
0.005921 0.002222 0.990068 0.001789 
0.903250 0.017260 0.038046 0.041444 
0.846977 0.028308 0.061799 0.062917 
0.253738 0.068820 0.062181 0.615261 
0.023708 0.029048 0.010592 0.936652 
0.011770 0.956005 0.014741 0.017484 
0.373310 0.052235 0.510613 0.063841 
0.247136 0.081687 0.601794 0.069383 
0.695141 0.053066 0.124908 0.126885 
0.298685 0.038692 0.618244 0.044380 
0.142832 0.327781 0.091068 0.438318 
0.716055 0.036000 0.194591 0.053354 
0.927214 0.010157 0.044177 0.018451 
0.032747 0.030596 0.014224 0.922434 
0.168738 0.212490 0.090884 0.527888 
0.232365 0.052280 0.659036 0.056320 
0.055206 0.716538 0.046732 0.181524 
0.013600 0.009181 0.005092 0.972127 
0.055487 0.041068 0.022809 0.880635 
0.038470 0.054058 0.018788 0.888684 
0.780505 0.038192 0.071770 0.109533 
0.269012 0.269006 0.267706 0.194277 
0.087628 0.022145 0.868402 0.021825 
0.015251 0.943080 0.016922 0.024747 
0.062599 0.033150 0.881443 0.022808 
0.029030 0.891520 0.038309 0.041141 
0.074440 0.685330 0.061218 0.179012 
0.847057 0.021369 0.096975 0.034599 
0.022197 0.005740 0.966935 0.005128 
0.694025 0.050782 0.149986 0.105208 
0.751869 0.033169 0.158496 0.056466 
0.003640 0.984878 0.004003 0.007478 
0.033527 0.866800 0.040179 0.059495 
0.013617 0.004446 0.978095 0.003842 
0.121082 0.119178 0.697653 0.062087 
0.113751 0.538773 0.237392 0.110084 
0.098615 0.018292 0.864372 0.018721 
0.022724 0.903175 0.024379 0.049722 
0.803384 0.031318 0.074450 0.090848 
0.089568 0.644226 0.168786 0.097421 
0.013229 0.941064 0.013851 0.031857 
0.098307 0.251585 0.066850 0.583258 
0.006962 0.006658 0.003233 0.983147 
0.035495 0.056114 0.019749 0.888642 
0.558469 0.081468 0.240522 0.119541 
0.003969 0.003921 0.001836 0.990274 
0.039094 0.835322 0.040097 0.085487 
0.369487 0.091844 0.444612 0.094057 
0.066739 0.043487 0.863095 0.026679 
0.004149 0.982404 0.004784 0.008663 
0.670200 0.051269 0.080889 0.197642 
0.962478 0.006228 0.017036 0.014258 
0.051959 0.803296 0.076751 0.067994 
0.973290 0.003975 0.015307 0.007428 
0.657725 0.043697 0.238699 0.059880 
0.056003 0.779184 0.068922 0.095891 
0.114150 0.049438 0.039055 0.797357 
0.946660 0.008150 0.027059 0.018131 
0.122696 0.115180 0.699720 0.062403 
0.033385 0.019361 0.012356 0.934898 
0.702003 0.045337 0.179858 0.072803 
0.077149 0.076475 0.038431 0.807945 
0.107584 0.020789 0.851663 0.019963 
0.016584 0.004681 0.974727 0.004008 
0.037386 0.019464 0.930081 0.013069 
0.019816 0.924826 0.027204 0.028154 
0.042341 0.842445 0.048214 0.067000 
0.105139 0.108233 0.736167 0.050461 
0.814615 0.029962 0.095507 0.059916 
0.110838 0.087104 0.754569 0.047489 
0.820771 0.030321 0.068966 0.079942 
0.066851 0.743308 0.103790 0.086050 
0.717479 0.033956 0.200091 0.048474 
0.065760 0.042620 0.028030 0.863590 
0.022412 0.900113 0.024486 0.052989 
0.031849 0.876529 0.047359 0.044263 
0.016638 0.927853 0.019245 0.036264 
0.669599 0.052346 0.083386 0.194669 
0.024323 0.026879 0.012322 0.936475 
0.023325 0.894430 0.025146 0.057099 
0.057503 0.054686 0.028222 0.859589 
0.522586 0.102998 0.136856 0.237560 
0.102784 0.060327 0.041260 0.795629 
0.038174 0.020874 0.013869 0.927083 
0.088967 0.255995 0.061229 0.593809 
0.366836 0.163811 0.329426 0.139927 
0.830475 0.025869 0.101816 0.041841 
0.073219 0.175553 0.046752 0.704476 
0.788705 0.037818 0.065800 0.107677 
0.825930 0.032376 0.086954 0.054740 
0.554414 0.064725 0.082647 0.298214 
0.579911 0.057263 0.285057 0.077769 
0.013772 0.941431 0.014948 0.029850 
0.043824 0.077753 0.025266 0.853157 
0.044827 0.779542 0.042561 0.133070 
0.052334 0.745046 0.050210 0.152410 
0.027765 0.015317 0.947299 0.009619 
0.029222 0.860908 0.029184 0.080686 
0.026655 0.896938 0.036844 0.039562 
0.071523 0.265243 0.048818 0.614417 
0.015199 0.936489 0.018642 0.029670 
0.101066 0.062425 0.798227 0.038283 
0.000867 0.996389 0.001101 0.001643 
0.426632 0.077273 0.085897 0.410197 
0.039013 0.072571 0.022812 0.865605 
0.055001 0.780066 0.092256 0.072677 
0.018254 0.925135 0.024589 0.032022 
0.000629 0.997390 0.000814 0.001167 
0.025148 0.019807 0.010914 0.944131 
0.790714 0.035890 0.098054 0.075343 
0.082739 0.670276 0.117378 0.129608 
0.038828 0.025080 0.920194 0.015899 
0.259016 0.187709 0.405641 0.147635 
0.014746 0.931534 0.017015 0.036705 
0.089811 0.056255 0.816379 0.037556 
0.022549 0.907891 0.033856 0.035704 
0.001820 0.000731 0.996894 0.000555 
0.695887 0.047751 0.073314 0.183048 
0.062033 0.740992 0.121385 0.075590 
0.012604 0.006667 0.976169 0.004559 
0.955398 0.007761 0.018134 0.018707 
0.042509 0.032932 0.017678 0.906881 
0.292641 0.076536 0.071760 0.559063 
0.653741 0.047602 0.225443 0.073214 
0.904080 0.016205 0.040301 0.039414 
0.069602 0.070818 0.822741 0.036839 
0.012104 0.945943 0.015196 0.026757 
0.756876 0.040318 0.068550 0.134256 
0.117034 0.537012 0.136809 0.209145 
0.083586 0.024150 0.870195 0.022069 
0.055024 0.759931 0.114646 0.070400 
0.012331 0.008986 0.005101 0.973582 
0.117316 0.530356 0.220788 0.131539 
0.799940 0.027710 0.129651 0.042698 
0.588624 0.048824 0.297858 0.064694 
0.077992 0.257279 0.057715 0.607014 
0.566810 0.054377 0.309084 0.069729 
0.072077 0.020484 0.889711 0.017729 
0.720517 0.033870 0.197579 0.048035 
0.059226 0.068653 0.032638 0.839483 
0.931118 0.010123 0.042405 0.016353 
0.026097 0.010303 0.956072 0.007528 
0.013016 0.942912 0.016221 0.027852 
0.820021 0.033057 0.086926 0.059997 
0.976408 0.004128 0.011283 0.008181 
0.475059 0.124076 0.171792 0.229073 
0.053886 0.086436 0.030533 0.829145 
0.642992 0.043081 0.260359 0.053568 
0.167873 0.073893 0.705859 0.052376 
0.983940 0.002753 0.007594 0.005713 
0.028836 0.866645 0.030907 0.073612 
0.876810 0.018150 0.076584 0.028456 
0.054174 0.787440 0.077256 0.081130 
0.034476 0.844911 0.038148 0.082464 
0.857919 0.026788 0.051898 0.063395 
0.469704 0.101552 0.321986 0.106758 
0.970950 0.004938 0.016020 0.008092 
0.019083 0.030768 0.010633 0.939516 
0.153324 0.468834 0.232959 0.144883 
0.024521 0.020474 0.010949 0.944056 
0.016693 0.017584 0.007947 0.957776 
0.010942 0.953359 0.013694 0.022005 
0.897059 0.018372 0.047373 0.037196 
0.255823 0.279201 0.204741 0.260235 
0.944343 0.010235 0.024085 0.021336 
0.904390 0.016049 0.051532 0.028029 
0.030774 0.061895 0.018792 0.888540 
0.306428 0.195897 0.163253 0.334422 
0.060802 0.747725 0.117683 0.073789 
0.189192 0.147537 0.578245 0.085026 
0.807779 0.027101 0.127314 0.037806 
0.560652 0.042899 0.347499 0.048950 
0.055708 0.042897 0.025904 0.875491 
0.030188 0.877495 0.043577 0.048739 
0.007142 0.969762 0.010343 0.012754 
0.181836 0.031578 0.758820 0.027766 
0.918449 0.013230 0.046607 0.021714 
0.014052 0.007683 0.973671 0.004594 
0.066553 0.043500 0.029157 0.860790 
0.181016 0.262985 0.445264 0.110735 
0.024007 0.887817 0.029333 0.058844 
0.019333 0.031674 0.011952 0.937040 
0.706330 0.031208 0.224490 0.037971 
0.042977 0.820822 0.081817 0.054385 
0.056593 0.160101 0.042668 0.740638 
0.583858 0.059906 0.283100 0.073135 
0.108249 0.583360 0.151050 0.157341 
0.071851 0.052408 0.848047 0.027694 
0.174921 0.096182 0.669760 0.059137 
0.023336 0.900369 0.042789 0.033506 
0.214361 0.040484 0.711057 0.034098 
0.009704 0.958804 0.015996 0.015496 
0.016652 0.008540 0.969888 0.004920 
0.734942 0.052203 0.110469 0.102386 
0.073099 0.017410 0.896266 0.013225 
0.257534 0.040906 0.666493 0.035066 
0.868629 0.020213 0.081353 0.029805 
0.274691 0.062987 0.610439 0.051883 
0.169411 0.084826 0.074586 0.671177 
0.982750 0.002602 0.010692 0.003956 
0.278776 0.239253 0.271394 0.210577 
0.192762 0.074602 0.072429 0.660207 
0.015484 0.935902 0.022838 0.025776 
0.068882 0.721406 0.089307 0.120405 
0.762698 0.041561 0.128145 0.067596 
0.565328 0.078480 0.128500 0.227692 
0.927701 0.012726 0.035005 0.024568 
0.065866 0.039768 0.029608 0.864757 
0.252414 0.040159 0.671063 0.036364 
0.058505 0.038158 0.882549 0.020787 
0.816898 0.032754 0.079367 0.070981 
0.021729 0.902542 0.032990 0.042739 
0.041132 0.048526 0.025328 0.885015 
0.056280 0.092441 0.039534 0.811746 
0.046355 0.102593 0.035250 0.815802 
0.044397 0.756571 0.053206 0.145827 
0.056355 0.755675 0.085812 0.102158 
0.099362 0.569436 0.122877 0.208326 
0.117235 0.383915 0.112340 0.386509 
0.059281 0.052998 0.032592 0.855129 
0.265189 0.049151 0.644013 0.041647 
0.012442 0.947125 0.021826 0.018607 
0.964625 0.005842 0.020622 0.008910 
0.059931 0.615946 0.064242 0.259881 
0.056481 0.752711 0.124700 0.066108 
0.075077 0.047440 0.034938 0.842546 
0.148249 0.072066 0.733617 0.046068 
0.009232 0.959799 0.014072 0.016897 
0.071107 0.048246 0.033424 0.847224 
0.603134 0.067825 0.107740 0.221300 
0.103069 0.557512 0.125739 0.213679 
0.901107 0.013660 0.065359 0.019874 
0.074563 0.662745 0.184523 0.078169 
0.018672 0.031671 0.012738 0.936920 
0.867539 0.023656 0.054232 0.054572 
0.091218 0.617482 0.124314 0.166985 
0.834831 0.028432 0.062532 0.074205 
0.048616 0.014249 0.925886 0.011249 
0.007247 0.968128 0.011056 0.013569 
0.127737 0.069279 0.056459 0.746525 
0.002185 0.990053 0.003106 0.004657 
0.021125 0.909149 0.034328 0.035397 
0.371336 0.052385 0.518873 0.057406 
0.012185 0.944583 0.016808 0.026425 
0.026929 0.020421 0.013542 0.939108 
0.088326 0.061285 0.813689 0.036700 
0.084538 0.037823 0.850117 0.027522 
0.000914 0.000947 0.000487 0.997652 
0.420360 0.047160 0.479031 0.053449 
0.603779 0.061761 0.098995 0.235465 
0.754945 0.036226 0.150109 0.058720 
0.095029 0.575284 0.232808 0.096879 
0.043060 0.030966 0.908392 0.017582 
0.039478 0.030691 0.913082 0.016749 
0.448743 0.081353 0.106131 0.363774 
0.021360 0.906168 0.030082 0.042390 
0.222577 0.168882 0.131509 0.477032 
0.071272 0.535724 0.067993 0.325011 
0.117882 0.094089 0.731979 0.056051 
0.468474 0.051862 0.417601 0.062063 
0.917858 0.013956 0.035324 0.032862 
0.601019 0.067283 0.106673 0.225025 
0.939282 0.010223 0.027152 0.023344 
0.017640 0.012056 0.962831 0.007473 
0.069474 0.668749 0.078262 0.183515 
0.094193 0.130304 0.057239 0.718265 
0.020557 0.904642 0.026367 0.048433 
0.000557 0.000516 0.000271 0.998656 
0.048609 0.033451 0.021134 0.896806 
0.063927 0.106269 0.040012 0.789791 
0.007692 0.964597 0.010107 0.017605 
0.000997 0.995583 0.001452 0.001968 
0.001951 0.991101 0.002629 0.004320 
0.800858 0.034423 0.096053 0.068666 
0.030483 0.021800 0.934065 0.013652 
0.190351 0.059615 0.695543 0.054490 
0.393649 0.079557 0.092122 0.434672 
0.044403 0.094940 0.029315 0.831342 
0.060654 0.017292 0.906241 0.015813 
0.045050 0.805268 0.079552 0.070130 
0.053702 0.755930 0.067595 0.122774 
0.512431 0.044973 0.380081 0.062515 
0.150181 0.396585 0.173866 0.279367 
0.025969 0.887261 0.042742 0.044028 
0.826584 0.020677 0.117581 0.035158 
0.015829 0.928569 0.021521 0.034081 
0.047786 0.733379 0.050795 0.168040 
0.123216 0.050188 0.781302 0.045294 
0.071790 0.226977 0.056394 0.644840 
0.958875 0.006380 0.018650 0.016095 
0.556030 0.061395 0.099029 0.283546 
0.011330 0.005881 0.978299 0.004490 
0.003760 0.003950 0.002058 0.990232 
0.001011 0.000944 0.000526 0.997518 
0.180198 0.030509 0.754470 0.034823 
0.925261 0.011295 0.034337 0.029107 
0.043519 0.023848 0.017805 0.914828 
0.032208 0.845284 0.037746 0.084762 
0.993807 0.000887 0.003094 0.002212 
0.454507 0.064801 0.090480 0.390211 
0.032068 0.863588 0.045998 0.058346 
0.002901 0.987243 0.004106 0.005750 
0.057807 0.751303 0.089886 0.101004 
0.078075 0.199416 0.056226 0.666283 
0.028207 0.037642 0.016444 0.917706 
0.246079 0.037703 0.671045 0.045173 
0.068269 0.034945 0.869608 0.027177 
0.049202 0.032734 0.895612 0.022452 
0.923032 0.011940 0.029541 0.035486 
0.070248 0.112784 0.042474 0.774494 
0.707027 0.035819 0.199687 0.057467 
0.041528 0.823309 0.064833 0.070330 
0.617575 0.060395 0.100659 0.221371 
0.020479 0.903017 0.023893 0.052612 
0.592247 0.047958 0.286895 0.072901 
0.087617 0.042956 0.032563 0.836863 
0.134143 0.025789 0.812414 0.027653 
0.220655 0.030124 0.713728 0.035493 
0.166114 0.125638 0.623519 0.084729 
0.150517 0.203548 0.548619 0.097317 
0.678637 0.032539 0.239283 0.049541 
0.211577 0.034896 0.714741 0.038786 
0.005548 0.006186 0.002931 0.985334 
0.024798 0.016895 0.010876 0.947431 
0.118063 0.138251 0.674513 0.069173 
0.011803 0.943780 0.013524 0.030892 
0.725287 0.043127 0.086365 0.145221 
0.783614 0.028209 0.137897 0.050280 
0.903830 0.011792 0.062985 0.021392 
0.824528 0.027398 0.061335 0.086739 
0.015484 0.006603 0.972619 0.005294 
0.033317 0.008593 0.949771 0.008319 
0.057297 0.122332 0.037789 0.782582 
0.066890 0.721399 0.125875 0.085836 
0.782519 0.034490 0.079749 0.103242 
0.068369 0.026738 0.882195 0.022698 
0.087600 0.562526 0.086442 0.263432 
0.058102 0.657402 0.054950 0.229546 
0.186457 0.063311 0.690567 0.059665 
0.707354 0.046776 0.154789 0.091080 
0.090480 0.052492 0.037161 0.819867 
0.272309 0.055933 0.608668 0.063090 
0.949733 0.006884 0.029508 0.013875 
0.060382 0.148577 0.041241 0.749799 
0.080267 0.057033 0.825809 0.036891 
0.018790 0.916587 0.023835 0.040788 
0.085001 0.109231 0.050365 0.755404 
0.424440 0.044435 0.474555 0.056570 
0.020713 0.004977 0.969579 0.004731 
0.979756 0.002851 0.011459 0.005934 
0.004337 0.980396 0.005419 0.009848 
0.765418 0.027635 0.161085 0.045862 
0.575681 0.032323 0.345932 0.046063 
0.267340 0.085854 0.094160 0.552646 
0.124948 0.108041 0.068855 0.698157 
0.866506 0.019481 0.073688 0.040325 
0.995875 0.000540 0.002520 0.001064 
0.608380 0.061907 0.117503 0.212210 
0.963297 0.005430 0.018478 0.012795 
0.036253 0.008691 0.946716 0.008339 
0.176297 0.058272 0.059419 0.706012 
0.004207 0.981277 0.005387 0.009129 
0.057238 0.667263 0.056861 0.218638 
0.965520 0.004966 0.017954 0.011560 
0.007453 0.964387 0.008987 0.019172 
0.889627 0.016753 0.043876 0.049744 
0.138750 0.082283 0.061987 0.716980 
0.084758 0.027685 0.862584 0.024972 
0.837566 0.024873 0.056993 0.080568 
0.066568 0.116915 0.041546 0.774971 
0.059726 0.754411 0.108798 0.077065 
0.037788 0.828320 0.043015 0.090878 
0.015085 0.020806 0.008503 0.955605 
0.010167 0.956283 0.013259 0.020290 
0.820972 0.030552 0.073454 0.075022 
0.729110 0.042464 0.074995 0.153432 
0.057141 0.691959 0.053134 0.197766 
0.076267 0.373887 0.058112 0.491734 
0.026103 0.009239 0.956932 0.007725 
0.030765 0.873891 0.043432 0.051912 
0.059266 0.750982 0.066585 0.123167 
0.094217 0.079662 0.779710 0.046412 
0.136838 0.133336 0.653685 0.076141 
0.001248 0.994721 0.001603 0.002428 
0.040270 0.070183 0.022574 0.866973 
0.127635 0.073335 0.746006 0.053024 
0.003682 0.983921 0.004125 0.008272 
0.022545 0.010632 0.959262 0.007560 
0.069015 0.037136 0.867372 0.026477 
0.024701 0.014455 0.951185 0.009659 
0.011552 0.947645 0.012323 0.028480 
0.037574 0.082693 0.020456 0.859277 
0.161359 0.114628 0.059750 0.664264 
0.459305 0.074663 0.074641 0.391390 
0.008039 0.966668 0.010413 0.014879 
0.818044 0.033119 0.082348 0.066489 
0.853850 0.022180 0.088245 0.035725 
0.110283 0.062102 0.038232 0.789383 
0.028533 0.019566 0.010416 0.941485 
0.005704 0.976229 0.007631 0.010437 
0.207596 0.130481 0.569817 0.092106 
0.772500 0.038399 0.057475 0.131626 
0.734469 0.042640 0.152080 0.070811 
0.028286 0.883319 0.045015 0.043379 
0.042825 0.080787 0.024489 0.851899 
0.056978 0.759960 0.107121 0.075941 
0.020382 0.906644 0.022773 0.050201 
0.965057 0.005855 0.018966 0.010122 
0.017016 0.007148 0.970489 0.005347 
0.077758 0.021311 0.882446 0.018485 
0.335289 0.077559 0.072319 0.514834 
0.042390 0.092235 0.024930 0.840444 
0.792120 0.029747 0.135617 0.042515 
0.221492 0.074440 0.636175 0.067893 
0.631538 0.062291 0.079552 0.226619 
0.980751 0.003387 0.009051 0.006811 
0.933426 0.012195 0.031062 0.023317 
0.041332 0.011986 0.936452 0.010230 
0.011723 0.005441 0.978977 0.003859 
0.190623 0.065427 0.051352 0.692599 
0.076424 0.037435 0.859899 0.026243 
0.016947 0.921119 0.017293 0.044641 
0.090195 0.523051 0.070385 0.316368 
0.551525 0.045076 0.347981 0.055418 
0.304949 0.042289 0.607759 0.045004 
0.028707 0.034139 0.013546 0.923608 
0.815058 0.023215 0.127459 0.034268 
0.096219 0.078005 0.043457 0.782319 
0.308260 0.042457 0.603135 0.046148 
0.026689 0.030291 0.013140 0.929880 
0.974399 0.003851 0.015402 0.006348 
0.884741 0.014916 0.078787 0.021556 
0.383449 0.061724 0.485588 0.069239 
0.274303 0.119541 0.094466 0.511690 
0.085935 0.688235 0.130516 0.095315 
0.103135 0.092790 0.758055 0.046021 
0.004777 0.979931 0.005418 0.009873 
0.076826 0.055141 0.836878 0.031156 
0.041159 0.792603 0.037186 0.129053 
0.314549 0.085630 0.077387 0.522434 
0.039330 0.840946 0.040208 0.079515 
0.035406 0.034406 0.016296 0.913891 
0.005250 0.978863 0.005790 0.010097 
0.048560 0.820967 0.070040 0.060432 
0.020837 0.007734 0.966144 0.005285 
0.010781 0.015929 0.005619 0.967671 
0.014389 0.023066 0.007722 0.954823 
0.033015 0.877043 0.044541 0.045402 
0.025310 0.009901 0.958047 0.006742 
0.018849 0.927358 0.025911 0.027883 
0.060719 0.039004 0.879688 0.020588 
0.579405 0.101307 0.131339 0.187950 
0.143390 0.085661 0.050516 0.720434 
0.046543 0.033879 0.901961 0.017617 
0.034815 0.865541 0.037363 0.062281 
0.875663 0.026322 0.052311 0.045704 
0.673227 0.077095 0.149540 0.100138 
0.124963 0.199081 0.062495 0.613461 
0.072826 0.718740 0.094649 0.113784 
0.116940 0.060331 0.786762 0.035967 
0.576061 0.095139 0.116508 0.212291 
0.054450 0.056207 0.026194 0.863148 
0.630295 0.072808 0.217520 0.079377 
0.004049 0.004238 0.001841 0.989873 
0.017587 0.929823 0.017141 0.035448 
0.002533 0.990502 0.003040 0.003926 
0.015482 0.011795 0.006015 0.966709 
0.782338 0.038647 0.114263 0.064752 
0.047868 0.763859 0.042088 0.146185 
0.023363 0.022852 0.009962 0.943823 
0.068437 0.218556 0.043875 0.669132 
0.542698 0.072631 0.312693 0.071978 
