0.843427 0.032318 0.062765 0.061489 
0.903048 0.019168 0.046380 0.031404 
0.786533 0.037519 0.126203 0.049745 
0.905774 0.018713 0.031418 0.044095 
0.843036 0.029512 0.083451 0.044000 
0.768743 0.041224 0.055973 0.134061 
0.854272 0.027797 0.042891 0.075040 
0.704578 0.062261 0.119488 0.113673 
0.173261 0.058570 0.047197 0.720971 
0.105432 0.047556 0.034861 0.812151 
0.137764 0.114252 0.071143 0.676841 
0.052164 0.031938 0.020394 0.895505 
0.048449 0.079502 0.031414 0.840635 
0.061949 0.057294 0.030821 0.849936 
0.028368 0.038358 0.016590 0.916684 
0.050593 0.121280 0.037427 0.790699 
0.160750 0.057686 0.736086 0.045478 
0.050266 0.031782 0.897868 0.020084 
0.053719 0.050309 0.868923 0.027049 
0.100062 0.047054 0.819351 0.033532 
0.029155 0.039238 0.914547 0.017061 
0.150488 0.126254 0.647542 0.075715 
0.047788 0.077486 0.844340 0.030386 
0.049727 0.115631 0.798392 0.036250 
0.087426 0.612018 0.154212 0.146344 
0.038021 0.800131 0.108552 0.053296 
0.041286 0.757491 0.149018 0.052205 
0.037052 0.808677 0.053766 0.100505 
0.017738 0.909415 0.044264 0.028582 
0.045716 0.735984 0.059115 0.159185 
0.017397 0.911617 0.028718 0.042268 
0.025363 0.876019 0.049793 0.048825 
