0.825453 0.125402 0.016723 0.032421 
0.028060 0.940241 0.007000 0.024699 
0.055222 0.913082 0.008906 0.022790 
0.050941 0.909344 0.010912 0.028802 
0.832699 0.120770 0.016691 0.029840 
0.816811 0.085598 0.045113 0.052478 
0.226506 0.685039 0.028365 0.060091 
0.503856 0.410391 0.026619 0.059134 
0.113311 0.756252 0.035935 0.094501 
0.037581 0.933029 0.007075 0.022315 
0.914425 0.041330 0.018953 0.025291 
0.280439 0.642289 0.024178 0.053095 
0.022277 0.953710 0.005634 0.018379 
0.129158 0.741692 0.037895 0.091255 
0.581964 0.133804 0.156280 0.127952 
0.548277 0.163745 0.154859 0.133119 
0.872164 0.058793 0.031907 0.037136 
0.745104 0.179422 0.025578 0.049896 
0.706412 0.098756 0.100663 0.094169 
0.900588 0.060089 0.015937 0.023385 
0.654756 0.163189 0.061810 0.120246 
0.922081 0.049552 0.010944 0.017423 
0.379318 0.500840 0.042061 0.077782 
0.372305 0.488123 0.038965 0.100607 
0.230781 0.695739 0.022887 0.050594 
0.093207 0.769219 0.027830 0.109743 
0.431033 0.476545 0.028442 0.063980 
0.852056 0.098292 0.017121 0.032531 
0.673708 0.224575 0.031891 0.069826 
0.023028 0.962937 0.003907 0.010127 
0.004472 0.991887 0.000911 0.002730 
0.689280 0.154418 0.052765 0.103537 
0.720364 0.146267 0.060923 0.072446 
0.655099 0.147182 0.099642 0.098077 
0.026348 0.948735 0.005924 0.018994 
0.106836 0.824308 0.017366 0.051490 
0.731570 0.119374 0.059107 0.089950 
0.018204 0.964741 0.004051 0.013004 
0.114687 0.759308 0.035571 0.090433 
0.542955 0.355231 0.031308 0.070506 
0.622869 0.301011 0.025242 0.050879 
0.153094 0.453236 0.100263 0.293407 
0.128954 0.773806 0.029244 0.067996 
0.665469 0.261544 0.024141 0.048846 
0.898180 0.062968 0.015656 0.023195 
0.027695 0.940296 0.007325 0.024684 
0.913769 0.052813 0.013466 0.019952 
0.054317 0.910071 0.010109 0.025502 
0.978216 0.011723 0.004110 0.005952 
0.270510 0.632564 0.026881 0.070045 
0.077573 0.053731 0.746480 0.122216 
0.036405 0.022850 0.873758 0.066986 
0.047900 0.034117 0.832166 0.085817 
0.063726 0.111358 0.094599 0.730317 
0.018339 0.015215 0.905120 0.061327 
0.019831 0.023558 0.033503 0.923108 
0.091563 0.051563 0.724108 0.132766 
0.123013 0.382176 0.087342 0.407469 
0.008561 0.006669 0.962342 0.022428 
0.090174 0.264951 0.058756 0.586119 
0.126180 0.276715 0.127798 0.469307 
0.111775 0.089531 0.310452 0.488242 
0.076606 0.100326 0.243606 0.579463 
0.063414 0.053205 0.571766 0.311614 
0.065826 0.079759 0.073130 0.781285 
0.022804 0.015986 0.918945 0.042265 
0.124478 0.126806 0.106648 0.642068 
0.019437 0.023466 0.048609 0.908488 
0.081901 0.098215 0.337166 0.482718 
0.020791 0.033964 0.034794 0.910452 
0.200044 0.115285 0.348711 0.335960 
0.055451 0.050902 0.478543 0.415104 
0.058775 0.060731 0.510256 0.370238 
0.051536 0.047304 0.489127 0.412033 
0.004672 0.003693 0.975202 0.016432 
0.008524 0.006270 0.964481 0.020725 
0.034911 0.028469 0.844858 0.091761 
0.015293 0.011292 0.938629 0.034786 
0.069476 0.060219 0.340983 0.529322 
0.004705 0.006663 0.009449 0.979183 
0.048205 0.087949 0.070943 0.792903 
0.043441 0.079343 0.063966 0.813250 
0.015298 0.018465 0.038887 0.927350 
0.043593 0.045632 0.224436 0.686339 
0.188228 0.279423 0.088247 0.444102 
0.278224 0.119786 0.370422 0.231568 
0.023780 0.016581 0.912726 0.046913 
0.070930 0.079331 0.396120 0.453618 
0.146128 0.148345 0.117460 0.588067 
0.034470 0.063077 0.046599 0.855855 
0.021982 0.039645 0.027167 0.911207 
0.077252 0.057860 0.582273 0.282615 
0.011165 0.014446 0.029359 0.945030 
0.118125 0.326029 0.099887 0.455958 
0.007301 0.011091 0.010442 0.971166 
0.131094 0.119168 0.154254 0.595484 
0.065155 0.070134 0.094570 0.770141 
0.040736 0.033187 0.739397 0.186680 
0.103685 0.326315 0.080768 0.489232 
0.020598 0.025450 0.036382 0.917570 
