0.060508 0.031374 0.060508 0.847610 
0.048977 0.020254 0.033256 0.897514 
0.148433 0.043566 0.056986 0.751015 
0.033256 0.020253 0.048976 0.897515 
0.095080 0.034348 0.050465 0.820107 
0.056986 0.043566 0.148431 0.751018 
0.050465 0.034348 0.095079 0.820109 
0.135606 0.075657 0.135606 0.653131 
0.043566 0.056986 0.751015 0.148433 
0.034348 0.050465 0.820107 0.095080 
0.075657 0.135606 0.653131 0.135606 
0.020254 0.033256 0.897514 0.048977 
0.034348 0.095079 0.820109 0.050465 
0.031374 0.060508 0.847610 0.060508 
0.020253 0.048976 0.897515 0.033256 
0.043566 0.148431 0.751018 0.056986 
0.751018 0.056986 0.043566 0.148431 
0.897515 0.033256 0.020253 0.048976 
0.847610 0.060508 0.031374 0.060508 
0.820109 0.050465 0.034348 0.095079 
0.897514 0.048977 0.020254 0.033256 
0.653131 0.135606 0.075657 0.135606 
0.820107 0.095080 0.034348 0.050465 
0.751015 0.148433 0.043566 0.056986 
0.135606 0.653131 0.135606 0.075657 
0.095079 0.820109 0.050465 0.034348 
0.148431 0.751018 0.056986 0.043566 
0.050465 0.820107 0.095080 0.034348 
0.048976 0.897515 0.033256 0.020253 
0.056986 0.751015 0.148433 0.043566 
0.033256 0.897514 0.048977 0.020254 
0.060508 0.847610 0.060508 0.031374 
